-16523721
-37891221
-7574584
-10859234
3409131
29340608
-4546599
-28780413
-22401711
1605796
-19530579
14504387
-12995484
-10302188
25686431
8634054
4476581
-35606657
-3374019
3559803
7011464
5461956
30123362
-4642695
-16347675
27723453
27450792
-8882854
-830820
19650284
33517902
4163366
-9946564
-4926293
12103976
-5826069
-21781825
28008408
21581230
-17317685
-15492515
-34970235
-2210915
2089717
15750558
7722665
1630927
4083110
20330103
-11628936
11871188
-14167862
-20045227
-3417277
-25468559
24494906
-23642792
14261285
20809242
4015930
-2175458
9336032
-15025000
11287224
-5666205
-5939002
-44657015
13321356
-5234341
-1799796
-13163909
-4241122
21976706
-5864909
-32199620
-26762244
47496287
-7937493
-22049891
31559811
-113861
-11977931
-17812239
-19573925
6193886
17307798
2764915
-11435453
12451970
-3048317
-3883432
-4516885
9886825
-8968037
20295379
6461559
-21540208
-15936676
-44435353
13890881
-3211341
-22457076
4130306
8564698
7229084
1957034
-14869141
-18486090
9290930
11770389
17297654
-37700352
7253945
-7113574
14560938
24116620
12438367
25710238
1259551
7383249
