1243611 1372156 664077 4065 980220 1030318 294575 -188925 341891 -491096 644543 1149359 436607 1284736 741651 1492908
1883606 -256636 829657 -170960 442352 2463087 -736090 490817 91041 -903044 -43220 1213356 310651 1582272 996495 1137338
1796468 227521 733033 671040 549718 2542228 44800 -46622 -567290 -254255 -84058 1744009 -549299 2049853 1168969 482583
1664512 239983 223820 644422 779730 2351255 -146643 476158 -1107178 5991 93587 1635444 -1622940 2266650 1499719 -10714
273042 -337453 6120 464972 750397 1809340 -142805 919871 -869896 278411 595082 906944 -949452 1767579 1366242 -1121274
409876 1415302 504246 1555426 988009 -571697 -32580 238193 1933569 1311641 852450 -1305717 2097238 -268752 655474 1245342
1226773 434962 1257024 2305330 -354417 -33832 1219854 365284 2772624 1945470 1329597 -2224919 2846804 -446753 762278 1461580
1296090 1917837 1385861 2299348 358329 -293423 1948617 -765989 2691869 1987243 498129 -1381204 2679569 468032 654711 1438781
1730452 782167 1755205 1159039 810721 763493 -808068 2187492 1826572 1246314 722359 -1303491 989314 791908 1470085 1456833
1032121 -1386527 1283611 87967 -350023 867884 198093 1412307 715327 383337 81356 -384925 403669 640660 858333 -146333
88095 480678 -121989 843872 316789 -124025 388418 68658 -183915 152516 387089 464445 -82367 12394 -81276 377681
-236674 1676707 -502654 1626024 -35939 -633041 2027260 -104031 -413843 291502 991232 1874150 -359992 230296 267562 236169
-734505 3177568 198434 1477358 2571387 -638517 2554343 -333077 -785347 321652 1419126 1478378 -954638 1008744 1357045 634037
252076 997163 -92275 919343 942208 -138780 -766652 2767828 -584711 103060 1686428 -602683 -94433 497481 1810893 346646
526196 -39440 368316 513162 -536535 537475 930819 1046042 278988 150669 1072330 48273 127567 -30636 1069165 62688
-15050 677472 -11049 333584 -8686 -27029 1128391 -9440 8593 11541 -25043 652527 232 -34006 2218 -22660
-371865 3135756 158829 230875 2335302 -320297 1809386 -657526 -115776 58513 -297956 1472419 -360068 1283228 438772 402446
9009 3024987 561026 -195696 2939675 -90455 -594349 2672535 -661009 -96672 242134 31188 -368931 1142415 935914 402397
899365 -1190126 -36289 283100 -567872 569942 999781 2948791 261183 87356 501548 83138 509926 396017 653698 398025
351447 209870 295451 379963 -42112 570560 1130780 18173 116295 170316 370566 104361 161697 70878 837985 116429
-176507 1961136 32016 174479 716990 117259 1698264 -160693 -21176 -48219 325367 1191662 99247 349832 94098 660326
223068 3049307 957935 -138834 3172250 351878 1172972 -40742 -273620 -257030 310547 1158127 -136695 1103991 950009 1014871
1054772 -121705 266062 -367619 1539336 960044 -717290 3102434 -280952 60385 206531 -991680 371451 637327 831282 1002790
970348 48254 342258 494035 -288116 998283 1229816 882041 249981 291368 425284 224950 117644 282577 996733 241730
-73200 213197 198291 159341 110217 -36161 326671 53503 34757 40324 308822 126428 -5 7439 283549 26673
