5314681
133032000
56784792
265956054
108839777
144047912
58670223
-13839736
127472669
-129584488
-124706338
94835711
11510176
-184491728
121863990
88111129
-127096517
-29716028
44037759
84141030
276554069
92088239
162435136
-172672584
234627665
-49568954
-238231830
127278402
-100008450
175110411
108777504
18793123
272240680
61799471
68061575
-161148914
-80344590
96909406
207418184
128111879
32379869
-114132260
-69786329
-93039733
-193756303
269855821
-199477729
69251776
175500832
-108187890
-7718651
91897235
-104456533
-48966622
112827676
21460437
152245597
-91724798
60996477
-140350444
-45414174
260349448
-100686550
163651418
193040475
33481568
203055687
-46818231
-7038828
52985719
-62338764
-14171165
-177945589
-225343341
-75389702
-31927004
-170441081
132432883
18921801
115707660
76516529
-127935194
-236545452
-71753537
