     279256     1176648       55869        4065      420502      368270      294575     -937475     -855607     -718392     -289594     1149359    -1429588      858430     -126315      615271
     111195      633155      177128     -309252      540712      897807     -662852     -188925    -1502273    -1184962     -398563      968100    -2349868     1284736      327987      436066
    -328183     -256636     -162222     -453681      442352     1304298    -1003538      490817    -2055411    -1316270     -422963      955394    -3073277     1444879      866541     -530251
    -441980     -439926     -325743     -170960      303297     1534054     -736090      264801    -2173762     -903044     -519991     1213356    -3366000     1582272      831237    -1064255
    -499574      -48943     -353652      358513      386033     1338277     -306532      -46622    -2150678     -458705     -452400     1583843    -3520487     1856634      688929    -1134141
    -657334      227521     -411751      671040      549718      925239       44800      -86852    -2108895     -254255     -383593     1744009    -3602390     2049853      616493    -1168964
    -722850      239983     -418259      644422      706096      804225     -146643       53757    -1933102      -70435     -266558     1635444    -3463182     2266650      695054    -1173073
    -865432       24549     -346433      363423      779730      783362     -373289      425941    -1752060        5991       -9762     1206870    -3107435     2034325      895502    -1121228
    -915320     -337453     -207664      306898      750397      694249     -339942      581757    -1319365      191383      416067      906944    -2218384     1767579      796576    -1255839
    -499244     -468672     -149935      464972      516799      232477     -142805      150202     -899637      278411      595082      579271    -1336180     1214245      489705    -1121274
     762125     1372156      404105     -862131      980220      429642     -246760    -1318236      341891     -491096      644543      -27912      415033      446569      598608     1055303
    1243611      375775      664077    -1479405      691040     1030318    -1433144     -480014      337759    -1123637      428004     -452177      436607      555732      741651     1492908
    1642718     -665685      758943    -2062910       19235     1838517    -1916634        4513       91041    -1676434      -43220     -483252      310651      564605      811884     1137338
    1883606     -930623      829657    -2170698     -320864     2463087    -2014977     -409376     -240323    -2031624     -287714     -214348      -59160      535615      996495      796655
    1796468     -501306      733033    -1928821     -272199     2542228    -1625364     -839969     -567290    -2258980     -163455      289490     -549299      646650     1168969      482583
    1499283     -167394      396108    -1799444      -77298     2343839    -1394691    -1034999     -863159    -2303366      -84058      925269    -1056492      963559     1151975       48630
    1664512     -250426      223820    -1906718      331187     2351255    -2042453     -756802    -1107178    -2027265     -156976      905473    -1622940     1492864     1143473      -10714
     844021     -667955       66633    -1672939      170403     2281362    -2372755      476158    -1260729    -1867581       93587      511790    -1944838     1144477     1499719     -366633
      83523    -1400422        6120    -1125363      114237     1809340    -1866323      919871    -1215484    -1140043      299012      412421    -1642156     1127555     1366242    -1301535
     273042    -1291836      -80201     -685869     -240600     1152100    -1036993      211588     -869896     -529439      449201      312317     -949452      605364      779290    -1374994
    -235408     1415302      251456       99849      988009     -593316     -580697     -644279     1148784     1043180      826562    -1631515     1370103     -348981      655474      421892
     409876      410521      504246     -108449      215813     -571697    -1113618      238193     1933569     1311641      803521    -2334233     2097238     -531246      527937     1245342
    1008773     -530392      921998     -402787     -391381     -189886     -961408      365284     2561957     1260559      307244    -2694250     2643401     -526665      616379     1461580
    1226773     -514676     1257024     -557573     -498907      -33832     -727852     -158071     2772624      960053     -187044    -2651914     2846804     -768361      762278     1193627
    1085729      -89057     1377614     -668621     -514469     -354676     -425263     -765989     2691869      637231     -671814    -2085690     2679569     -868610      654711      867816
    1296090      373215     1385861    -1063947      -84432     -293423     -531949    -1153346     2469887      450660    -1193717    -1381204     2095345     -367107      321670      892291
    1730452       81097     1694886    -1311961      478413      115710    -1787258     -658625     1826572      166761    -1172474    -1303491      989314      354474      459841     1020952
    1247556    -1409114     1755205    -1379455       84233      763493    -2550496     1149451     1023018     -405766     -859606    -1503372      420446      511487      880174      370418
     658724    -2694661     1283611    -1189272     -350023      758772    -2028410     1334690      181831     -582269     -713191    -1104630      185245      640660      732323     -869651
    1032121    -1887800      767091     -853279     -838189      774725     -917037       51507      152668     -407413     -517089     -384925      302006      100506      220536     -892225
    -351546      899160      -13239     1114069      643577     -642851     -299242     -339576      156972      950981      212585    -1305717      734885     -268752     -320137      226169
    -253284      424173     -175091     1555426     -123022     -790532      -32580      219557      518000     1299054      852450    -1713179      982724     -279336     -155822      775028
    -405225      146563      -75518     1975952     -354417     -643819      511362       98335     1063035     1735118     1329597    -2224919     1159821     -446753      365212      936215
    -641733      434962      115403     2305330     -645238     -824975     1219854     -290994     1498787     1945470     1113962    -2486108     1185531     -811121      621150      844727
    -629317     1271863      491187     2299348     -496230     -956094     1948617    -1024484     1865507     1987243      498129    -1977043     1125151     -543575      330840      852966
    -158633     1917837      828412     1762238      358329     -701638     1246724    -1416734     1753491     1917717      179647    -1804054      674829      468032      471739     1438781
      90026      782167     1377652     1159039      810721     -259713     -808068      -58842     1384809     1246314      380583    -2601307       37480      791908     1144244     1456833
     132782    -1672730     1090801      408939     -204376       86930    -1414439     2187492      933409      630610      722359    -2534437       13605      764679     1470085      827276
     371815    -2840448      842886       16885    -1221393      594432     -743362     1412307      715327      383337       81356    -1940663      403669      295099      858333     -210455
     863227    -1386527      824354       87967    -1018195      867884      198093      -96820      533838      112731     -341464     -719237      385957        8093      552813     -146333
      67027      480678     -360675      580433      316789     -372008       48888     -113956     -633994      152516     -143902      217603      -82367         356     -484064      227615
     -34945      456266     -583187      843872       52136     -523509      388418       68658     -834465      136150      387089      429281     -109917       12394     -278029      377681
    -328102      580523     -840633     1317434     -119542     -765193     1077395     -104031     -869784      228105      859242      463257     -359992     -252923      143580      236169
    -837597     1271348    -1077593     1626024     -412853    -1026232     2027260     -607026     -899133      291502      991232      866630     -660778     -435474      267562       84267
   -1016377     2565529    -1063209     1477358      290427    -1035670     2554343    -1390101     -785347      321652     1103576     1262755     -954638      228781      453279      511334
    -987901     3177568     -526661     1135215     1665272    -1074619      945816    -1246329     -955040      313395     1419126      188752    -1453860      777054     1357045      634037
   -1142381      997163      -92275      919343      942208     -502486    -1034210     1172237     -871111      103060     1686428    -1129766    -1366185      497481     1810893      346646
    -450531    -1793900     -264478      113020     -739311     -288364    -1112118     2767828     -760639     -127898     1579815    -1223918     -632104      266822     1547838      198031
     316618    -2180540     -185822      225824    -1837761      387073      357436     1046042      153306      149598     1072330     -818375     -177311     -252866     1069165     -262565
     229545     -425221      368316      513162     -942614      537475      861699     -209168      278988      150669      274462     -354221       64381     -164405      974312      -84785
      88095      102109     -121989       81825      -40785     -124025       31493      -38005     -183915      -36073     -106187      233010     -100043        9228     -139573       98828
      22211      171838     -207191      210899     -135983     -330213      247136      -48374     -241297      -89604      -92787      464445     -220501      -55390      -81276        9251
    -236674      530096     -502654      420703     -254169     -633041      952607     -328601     -413843      -96781     -174140      993685     -527792     -154355      -85278     -154080
    -470316     1676707     -638644      257414      -35939     -755292     1903387     -968601     -619200     -137137     -153433     1874150     -811094      230296      -81849      -13365
    -734505     3056634     -307834     -135032     1612118     -851377     1188562    -1626932     -897280      -97879       -8073     1478378    -1254817     1008744      358294      386499
   -1073303     2540820      198434      -95908     2571387     -638517    -1221318     -333077    -1118384     -241411      403121     -145760    -1500638      783473     1084908      -71516
    -396884     -695908     -113886     -296896      421622     -529096    -2069381     2466966    -1071406     -232315     1000799     -687166     -976791      466518      936457      117390
     252076    -2481124     -242518     -245991    -1407621     -138780     -766652     2400371     -584711     -115926      839531     -602683      -94433      168514      595185      130757
     526196    -1354581     -162674      195859    -1367327      522019      930819      417971       17559       35005      590711       48273      -99347     -288290      785561      -13311
     -63768      -39440      367333      462788     -536535      -17718      788708     -382624       39984       82418      316849      -40229      127567      -30636      648094       62688
     -15050       17932      -11049       27210       -8686      -27029       36483       -9440        8593       -1375      -25043        5055         232      -34006        2218      -22660
    -185248      269628     -165194      234958     -126056     -282100      527082     -142559      -21746       11541     -207654      186943     -116302     -230937      -59713     -202526
    -371865     1023490     -303121      230875      -69854     -454242     1396852     -657526     -115776        1776     -497529     1036937     -360068       -7557     -236325     -264633
    -403229     2424715     -190947     -152699     1172870     -320297     1386134    -1489912     -254477      -49475     -440343     1330833     -689485      889866      -55401      322274
    -646279     3024987      347390     -312561     2907343     -417412     -594349    -1191276     -811513     -185810     -217373       31188    -1217548     1142415      554455      402397
    -648521      720132      475761     -195696     1885115      -90455    -2477333     1235390     -996185     -241215      209764    -1255359    -1035907      751242      688193     -125882
     420486    -2134792     -227887     -594495     -567872       97630    -1997636     2948791     -848270     -357569      317027     -939571     -283126      396017      417255      217886
     811365    -2281027     -262766       14298    -1637255      480204      130069     1284675        9876       37428      501548     -323849       99548       26989      496471      266786
     351447     -601550       72142      312489     -752147      570560     1130780      -72928      116295      170316      285323       54889       23918        3730      837985      116429
    -225550      196493      232147      235563     -160037     -152310      361504     -175269      -59400     -106120      370566       80150      -67422      -74611      357394       -3284
     -77160      115270      -69655      138643      -65846     -134433      243389      -55123      -18619       -2438      -90535       56808      -44144     -136679      -18337     -109924
    -361234      677472     -330507      333584     -201476     -437327     1128391     -419550     -133889      -33442     -349493      652527     -288506     -221765     -166248     -300890
    -474697     1933469     -366857       64750      444570     -458420     1809386    -1256562     -127559      -34716     -457943     1472419     -610352      478910     -133260      -63742
    -508113     3135756      158829     -434168     2335302     -455195      389093    -1623272     -442790       58513     -297956      576405    -1039302     1283228      438772      402446
    -903064     2001536      561026     -391997     2939675     -235224    -2149642      233289     -661009      -96672     -123754    -1130898     -959463      866747      935914     -229402
       9009    -1372155       95792     -584196      481764     -193771    -2494095     2672535     -712875     -119661      242134    -1239974     -368931      494889      353153     -114162
     899365    -2635561     -185678     -306781    -1553743      187065     -742927     2120840     -123833       35325      265259     -760394      509926      149900       74833      398025
     808579    -1190126      -36289      283100    -1238387      569942      999781      434802      261183       87356      170436       83138      152738     -128787      653698      237702
     -63181      -96191      295451      379963     -354149       27464      728449     -342732       81751       84625      196724       57603      161697       70878      608703       23270
    -196316      209870       57635       60530      -42112     -192146      144889       18173        7905      -63868      211110      104361     -139006     -183579      144699      -62588
    -183776      300891     -140471      174479     -126481     -148519      502046     -160693     -115281      -55908     -145036      230608     -144441     -200358      -58532      -66453
    -331839     1387514     -230050      125662       20953     -230032     1698264     -963259     -225196     -197739     -282157     1191662     -444095       77603     -269086       15557
    -346525     2827821      -42897     -138834     1533652     -195418     1172972    -1948936     -357433     -257030     -195950     1158127     -892686     1092052      173655      475058
    -597845     2877590      488641     -430724     3172250     -160608    -1479488     -979202     -827474     -422016     -229617     -611326    -1400919     1103991      950009      413690
    -656586     -121705      266062     -491789     1539336      137777    -3005681     2215510     -953980     -135841      159766    -1788785    -1062105      637327      831282     -179840
     372765    -2708550     -215322     -367619     -915583      192022    -1844625     3039348     -768350       60385      107191    -1190461     -211574      392750      351553      -99191
     970348    -2115540      -41101      441456    -1595691      451695      479260      882041      145199      291368      408167     -182275       67183      241041      433923       47732
     298409     -433665      342258      494035     -551409      310857     1229816     -287563      249981      286872      294826       37201      117644      282577      760495      241730
    -228291      174381      198291      159341     -168215     -171976      326671     -107536      -45425      -81871      308822       31562      -87363      -96507      283549       26673
    -124250      147102      -22094       77612       84901     -122223      119743       40059       34757       19132      -65376      107433          -5      -91340       47199      -27329
    -176507      532816     -126041      -68226     -107990       66370      661553     -283256      -21176      -48219       94214      392209       15414      -95242       -5807      157959
    -353477     1961136       32016     -354790      716990      117259     1484806    -1409871      -31783     -286138      325367      832862       99247      349832       94098      660326
      22357     3049307      610422     -601018     2505956      -95585     -234132    -2245125     -273620     -418766      310547     -237126     -136695      861262      446785     1014871
     223068     1549701      957935     -645209     2195856      351878    -2966159      -40742     -443922     -833065       80646    -1967863     -200692      300547      650442      996635
     825696    -1969899      165680    -1165283     -439548      646690    -3003935     3102434     -604359     -999904       56347    -1782719       15720      -44852      495057     1002790
    1054772    -3011149     -202447     -556850    -2011305      960044     -717290     2003294     -280952     -307553      206531     -991680      371451     -123549      562181      448528
     708532    -1115772      -47122      303437    -1280558      998283      947578      136280      -83173      -74161      425284      150861     -106124      -93033      996733      -22532
    -103608       48254      271961      457675     -288116       -4761      631263     -393399       10181       -4397      415525      224950        -140       77448      688422       25754
    -212297      213197      -14743       95277      -25712     -164506      159174       53503         110      -18707      147357      126428     -147185     -175255      146178      -59762
     -73200       62486      -14360       53465      110217      -36161       72385         426       27624       40324      -21293       52798      -27984        7439       42666      -12367
