        0         0         0         0         0         0
        0         0         0         0         0         0
        0         0         0         0         0         0
        0         0         0         0         0         0
        0         0         0         0         0         0
        0         0         0         0         0         0
        0         0         0         0         0         0
        0         0         0         0         0         0
        0         0         0         0         0         0
        0         0         0         0         0         0
        0         0         0         0         0         0
        0         0         0         0         0         0
        0         0         0         0         0         0
        0         0         0         0         0         0
        0         0         0         0         0         0
        0         0         0         0         0         0
        0         0         0         0         0         0
        0         0         0         0         0         0
        0         0         0         0         0         0
        0         0         0         0         0         0
        0         0         0         0         0         0
        0         0         0         0         0         0
        0         0         0         0         0         0
        0         0         0         0         0         0
        0         0         0         0         0         0
        0         0         0         0         0         0
        0         0         0         0         0         0
        0         0         0         0         0         0
        0         0         0         0         0         0
        0         0         0         0         0         0
        0         0      4455         0      1748      2775
        0         0      9649         0      2352      4401
        0         0      8966       121         0      1699
        0       668      4257         0         0         0
       36       528       756         0       216         0
        0         0         0         0         0         0
        0         0         0         0         0         0
        0         0         0         0         0         0
        0         0         0         0         0         0
        0         0         0         0         0         0
        0         0         0         0         0         0
        0         0         0         0         0         0
        0         0         0         0         0         0
        0         0         0         0         0         0
     -484      5707     12554      9993      6799     10713
      964      5940     21438     17582      5627     10413
     3881      3231     26360     15835     -1353      5808
     1471     -2786     29427      8521     -1350      3780
    -2029     -1044     30501      4308       654      6062
    -4222     -1048     30278      4064       518      7039
    -4116      -625     29997      3816       396      6732
    -2162     -1079     29480      3480       284      6288
     1880      1552     18633       310     -1504      -336
     1334      2830      6914      -520       840      -572
        0         0         0         0         0         0
        0         0         0         0         0         0
        0         0         0         0         0         0
        0         0         0         0         0         0
     8631      9025      3656      9848      4694      6829
    12156      9933      3171     19972       950      9437
    15930      6824      9358     24432     -3670      1121
    15498      7564     13909     24281     -3470         9
    17909      3608     18944     20859     -3588      1700
    17282      3630     20213     20568     -3192      3328
    16803      3902     22001     21343     -3019      4848
    12993      1630     26107     22726      1440      6706
    10475     -2582     18605     17179    -10016     -2965
     8849       292      9454       396       996     -2382
        0         0         0         0         0         0
        0         0         0         0         0         0
        0         0         0         0         0         0
        0         0         0         0         0         0
     3179      4894      1244       409      2064      3058
     3944      8839      -384       912     -1230      3144
     9470     10768      -184       287       -30      -826
    11522     11037     -1159      2047      -848      -551
    12841      9437     -1096      6075     -1394     -3304
    13355      9443      -396      6839     -1467     -2281
     9461     12272     17081     12925      8476      8753
    12915     13657     17121     18711      2916      6826
    13465      4850      9495     14458     -6144    -12884
     8565      -186      6277      2217      3367     -3908
        0         0         0         0         0         0
        0         0         0         0         0         0
        0         0         0         0         0         0
        0         0         0         0         0         0
        0         0         0         0         0         0
        0         0         0         0         0         0
        0       204        85        51       102       153
      149       843       279       215       328       628
      154      1842         0       262       182        97
        7      2397     11442      5732      6404      8742
     7390     10330     20460     15763     11222     15255
    12864     11462     14826     14716     -4849     10546
    12044      -459      5692      4019      3038    -15330
     4487       264      1188       968      3720      -270
        0         0         0         0         0         0
        0         0         0         0         0         0
        0         0         0         0         0         0
        0         0         0         0         0         0
        0         0         0         0         0         0
        0         0         0         0         0         0
        0         0         0         0         0         0
        0         0         0         0         0         0
        0         0      2034         0       585      1953
     2161      6527     18972     10181     11738     15069
     9684      9242     19095     14797      9499     15817
    13142      4770      7121     11268     -6977     -3496
     7885       888      3218      1809      3491     -5056
     1040       132       498       323       894         0
        0         0         0         0         0         0
        0         0         0         0         0         0
        0         0         0         0         0         0
        0         0         0         0         0         0
        0         0         0         0         0         0
        0         0         0         0         0         0
        0         0         0         0         0         0
        0         0       285         0        76       285
    -1200       870     13844      5766      7424      9260
     6006      9577     21179     15378     10080     16257
    11522      9923     12428     13367     -7690     10568
    10917        95      5205      3375      3961    -13173
     3846       437      1062      1094      3497       -75
        0         0         0         0         0         0
        0         0         0         0         0         0
        0         0         0         0         0         0
        0         0         0         0         0         0
        0         0         0         0         0         0
        0         0         0         0         0         0
        0         0         0         0         0         0
        0         0         0         0         0         0
      -48      1480      7866      2716      3430      5608
     2588      6448     20637     14709     10235     15405
    13366     10253     20150     17085      4464     14624
    13341      3830      8437     10016     -5470     -5142
     6993       375      2665      1394      3930     -3528
      696       174       348         0       348         0
        0         0         0         0         0         0
        0         0         0         0         0         0
        0         0         0         0         0         0
        0         0         0         0         0         0
        0         0         0         0         0         0
        0         0         0         0         0         0
        0         0         0         0         0         0
        0         0      2491       168       811      2212
    -1406      2630     19743      8861     11038     14978
    11688     11104     20654     17531      9706     15671
    15854      9744     10129     14647    -13827      2844
    10082       363      2689      4486      3734    -10396
     3365       393       996       978      3210         0
        0         0         0         0         0         0
        0         0         0         0         0         0
        0         0         0         0         0         0
        0         0         0         0         0         0
        0         0         0         0         0         0
        0         0         0         0         0         0
        0         0         0         0         0         0
        0         0         0         0         0         0
     -976      2258     11140      5679      6322      8770
     4163      9944     25045     18167     11147     20047
    12944      8703     20970     16832      -946     13298
    11743      1264      8670      5940      1569    -12484
     4639       770      1904       666      3401     -1169
      420       105       210         0       210         0
        0         0         0         0         0         0
        0         0         0         0         0         0
        0         0         0         0         0         0
        0         0         0         0         0         0
        0         0         0         0         0         0
        0         0         0         0         0         0
        0         0         0         0         0         0
        0         0         0         0         0         0
     5598     11530     12712     10473      8555     11821
    13578     16215     20715     20949     11452     17570
    16792      7426     13970     18834    -16335      4438
    13423     -2309      8620      5114      3295    -12696
     2557         3      1398       320      1317         0
        0         0         0         0         0         0
        0         0         0         0         0         0
        0         0         0         0         0         0
        0         0         0         0         0         0
        0         0         0         0         0         0
        0         0         0         0         0         0
        0         0         0         0         0         0
        0         0         0         0         0         0
        0         0         0         0         0         0
     8118      9184      1898      6158      5006      7187
    13273     13173        -4     10339       383      9347
    11312      4144     -1500      9054     -2698     -6209
     5137      2601      1220      1935      3145     -4017
      664       120       312       364       672         0
        0         0         0         0         0         0
        0         0         0         0         0         0
        0         0         0         0         0         0
        0         0         0         0         0         0
        0         0         0         0         0         0
