# c1_weight
# Conv(1->6,  5x5) | INT8 +-127 | 25 MACs
# shape=(6, 1, 5, 5)  min=-127  max=110  mean=7.0867  sparsity=1.3%
# One row per output filter/neuron, space-separated integers
#
[  0] -17 49 17 45 -28 11 32 97 110 36 -7 -43 -3 34 38 -30 -109 -83 4 20 66 -15 -19 -26 27
[  1] -15 6 59 -26 -27 -59 1 50 65 -11 -19 -26 26 43 29 -73 -15 10 42 -26 20 28 57 25 31
[  2] 42 86 51 59 -8 79 81 72 3 -49 47 -17 9 -14 -20 -30 -63 -64 24 0 -69 -67 -46 -27 2
[  3] 1 94 73 85 58 -54 -7 52 32 17 -127 -119 -102 -117 -74 1 -67 -75 -26 -18 49 21 37 16 30
[  4] 72 14 37 31 2 42 -41 -24 -12 17 -39 -49 51 29 22 -39 19 -3 -10 30 -40 87 -3 -109 39
[  5] 18 0 9 32 30 -2 18 52 12 71 10 11 51 56 94 1 21 42 33 46 15 -15 22 32 19