# c3_weight
# Conv(6->16, 5x5) | INT8 +-127 | 150 MACs | input after >>rs_c1=12
# shape=(16, 6, 5, 5)  min=-116  max=127  mean=-1.7833  sparsity=1.3%
# One row per output filter/neuron, space-separated integers
#
[  0] 38 -16 -17 43 8 2 10 11 31 -4 9 42 51 22 80 -10 -37 26 24 21  ...(125 more)...  -21 7 11 -2 35
[  1] -27 -16 10 6 24 17 73 60 29 12 -61 -62 49 -3 -9 59 33 0 -27 -13  ...(125 more)...  36 59 20 32 9
[  2] -30 2 42 67 36 -26 -50 -13 13 37 2 -28 -24 -52 4 -43 -54 -71 -21 -10  ...(125 more)...  -3 29 32 38 -42
[  3] -30 -29 -22 49 67 -43 3 12 -10 -21 -1 -43 -56 -75 -32 -48 -97 -101 29 27  ...(125 more)...  -8 16 -19 -7 -22
[  4] -28 27 8 -17 -36 -14 2 18 -24 24 14 9 -18 -11 19 35 13 38 11 34  ...(125 more)...  37 -7 -13 -16 -45
[  5] 17 30 34 -7 -55 19 -36 -10 -75 -72 -32 -40 -46 9 27 1 24 27 8 3  ...(125 more)...  7 -21 19 -3 35
[  6] 25 25 8 30 7 47 24 6 -12 10 13 44 13 -17 -21 -42 25 49 -49 -22  ...(125 more)...  -29 12 3 16 0
[  7] 40 25 -18 -34 -22 -13 -4 -37 -17 17 9 8 20 10 -25 -43 29 59 10 11  ...(125 more)...  -31 -14 -11 1 -18
[  8] 47 34 15 -24 -33 79 -7 -56 -18 17 1 -23 26 -3 -10 79 -11 15 16 50  ...(125 more)...  -47 -17 -13 -31 -39
[  9] -47 -23 6 12 -15 -36 -25 -16 25 2 -13 0 7 15 40 8 10 23 5 13  ...(125 more)...  3 -4 29 10 27
[ 10] 12 -19 7 -42 -51 63 57 28 28 48 -9 39 53 26 -13 -35 -33 -45 -40 -70  ...(125 more)...  30 27 13 9 8
[ 11] -71 -52 -19 3 20 -8 -8 27 35 4 45 16 1 41 48 -11 12 11 -14 7  ...(125 more)...  -27 -30 -4 -46 8
[ 12] 37 -16 -17 -11 2 -21 -26 -17 -4 -9 -46 19 -44 -20 -40 -41 -14 -19 -15 -58  ...(125 more)...  46 -4 -52 -8 32
[ 13] 23 -17 -43 -67 -68 23 -49 -100 -62 -55 -13 -64 -74 -51 17 -17 -27 -46 6 -7  ...(125 more)...  46 47 22 26 1
[ 14] -26 27 11 -6 -12 12 -21 -50 -16 56 14 7 28 -35 -13 37 6 6 34 7  ...(125 more)...  0 16 -39 36 -29
[ 15] -14 58 44 -41 -32 -15 -21 45 24 -33 -44 -55 28 58 50 -27 -80 -56 47 117  ...(125 more)...  40 43 25 -9 -19