# c5_bias
# 120 values| INT32 | scale=s_c5_acc=2.6970e-04
# shape=(120,)  min=-311  max=840  mean=100.5083
# One row per output filter/neuron, space-separated integers
#
[  0] 219
[  1] 433
[  2] 0
[  3] -28
[  4] -6
[  5] 0
[  6] 17
[  7] 0
[  8] 633
[  9] -43
[ 10] -196
[ 11] 332
[ 12] -1
[ 13] 0
[ 14] -1
[ 15] 0
[ 16] 384
[ 17] 231
[ 18] 59
[ 19] 204
[ 20] -1
[ 21] -23
[ 22] -67
[ 23] 0
[ 24] 8
[ 25] 27
[ 26] -8
[ 27] 21
[ 28] 203
[ 29] -7
[ 30] -50
[ 31] 170
[ 32] -9
[ 33] 840
[ 34] 388
[ 35] 170
[ 36] 154
[ 37] 116
[ 38] -19
[ 39] -17
[ 40] 28
[ 41] 428
[ 42] 23
[ 43] 0
[ 44] 234
[ 45] 378
[ 46] 0
[ 47] 209
[ 48] 0
[ 49] 396
[ 50] 38
[ 51] 119
[ 52] -44
[ 53] -14
[ 54] 200
[ 55] 209
[ 56] 68
[ 57] -74
[ 58] 174
[ 59] -311
[ 60] 32
[ 61] 551
[ 62] 300
[ 63] 607
[ 64] 0
[ 65] -39
[ 66] -172
[ 67] -23
[ 68] -23
[ 69] 298
[ 70] 118
[ 71] 174
[ 72] -82
[ 73] 200
[ 74] -42
[ 75] 226
[ 76] 264
[ 77] 84
[ 78] 41
[ 79] 316
[ 80] 272
[ 81] 29
[ 82] 113
[ 83] -3
[ 84] 48
[ 85] -285
[ 86] -49
[ 87] -15
[ 88] 18
[ 89] 49
[ 90] 317
[ 91] 152
[ 92] -6
[ 93] -59
[ 94] 0
[ 95] -83
[ 96] -64
[ 97] 304
[ 98] 488
[ 99] -9
[100] 100
[101] 254
[102] -2
[103] 144
[104] 0
[105] 124
[106] 0
[107] 262
[108] -104
[109] 185
[110] -6
[111] 150
[112] 209
[113] -98
[114] 144
[115] 132
[116] -74
[117] 114
[118] 331
[119] -45