# c5_weight
# Conv(16->120,5x5)| INT8 +-127 | 400 MACs | input after >>rs_c3=9
# shape=(120, 16, 5, 5)  min=-127  max=88  mean=0.0602  sparsity=27.2%
# One row per output filter/neuron, space-separated integers
#
[  0] 31 30 2 20 -16 20 9 21 3 7 -5 -33 -22 -29 -17 -25 -68 -85 -74 -61  ...(375 more)...  -33 -2 -9 -27 -10
[  1] 11 30 21 8 -3 -10 7 13 18 -21 -12 5 13 -5 -15 -16 10 10 -6 -24  ...(375 more)...  0 2 -2 -6 -2
[  2] 0 0 0 0 0 0 0 0 0 0 0 0 0 0 0 0 0 0 0 0  ...(375 more)...  0 0 0 0 0
[  3] -3 15 14 0 1 1 -11 4 -7 7 8 -6 15 5 14 2 12 -11 16 12  ...(375 more)...  6 4 -8 -19 -10
[  4] 0 0 0 0 0 0 0 0 0 0 0 0 0 0 0 0 0 0 0 0  ...(375 more)...  0 0 0 0 0
[  5] 0 0 0 0 0 0 0 0 0 0 0 0 0 0 0 0 0 0 0 0  ...(375 more)...  0 0 0 0 0
[  6] 1 -9 -11 -10 -20 -8 -24 -2 -10 14 16 -10 -22 -20 -16 23 -17 -34 -34 -43  ...(375 more)...  -5 8 -20 20 10
[  7] 0 0 0 0 0 0 0 0 0 0 0 0 0 0 0 0 0 0 0 0  ...(375 more)...  0 0 0 0 0
[  8] 6 15 42 11 8 -21 -6 -6 7 3 1 2 12 21 10 20 18 14 4 12  ...(375 more)...  7 -2 10 3 22
[  9] 2 20 26 12 7 -10 -7 18 20 -1 -25 -16 6 -2 -4 -4 -6 10 19 2  ...(375 more)...  2 24 21 0 5
[ 10] -7 3 9 -5 -28 7 -8 9 7 -12 -8 -6 3 9 5 8 11 18 5 33  ...(375 more)...  -1 -12 4 37 29
[ 11] 13 30 28 30 -8 -2 1 3 -9 -6 -2 -16 2 -21 10 -7 -17 -22 1 -8  ...(375 more)...  6 0 -2 -7 27
[ 12] 0 0 0 0 0 0 0 0 0 0 0 0 0 0 0 0 0 0 0 0  ...(375 more)...  0 0 0 0 0
[ 13] 0 0 0 0 0 0 0 0 0 0 0 0 0 0 0 0 0 0 0 0  ...(375 more)...  0 0 0 0 0
[ 14] 0 0 0 0 0 0 0 0 0 0 0 0 0 0 0 0 0 0 0 0  ...(375 more)...  0 0 0 0 0
[ 15] 0 0 0 0 0 0 0 0 0 0 0 0 0 0 0 0 0 0 0 0  ...(375 more)...  0 0 0 0 0
[ 16] 3 6 25 6 -29 2 -21 -20 -14 -32 12 1 -60 -29 -47 14 -27 -63 -14 -4  ...(375 more)...  -6 14 13 23 22
[ 17] 2 0 17 20 4 3 23 14 27 -17 -17 4 8 -8 -24 -44 -41 -5 -17 -8  ...(375 more)...  -7 27 17 10 -4
[ 18] -5 3 18 23 21 -4 -1 -8 39 19 13 8 4 -9 5 -10 -1 3 12 -25  ...(375 more)...  6 4 47 47 27
[ 19] 12 26 20 26 18 4 -1 12 19 38 3 -16 -27 19 5 -13 -24 3 -4 -39  ...(375 more)...  -5 36 20 12 -7
[ 20] 0 0 0 0 0 0 0 0 0 0 0 0 0 0 0 0 0 0 0 0  ...(375 more)...  0 0 0 0 0
[ 21] 14 -8 6 12 13 5 24 -2 13 -15 -26 -10 -40 3 -9 -28 -4 16 -7 6  ...(375 more)...  -29 -12 -19 -25 -40
[ 22] 19 30 -7 -22 -37 0 -2 -40 -43 -49 -2 -19 -18 -4 3 -4 8 -8 3 20  ...(375 more)...  15 -12 -51 -61 -29
[ 23] 0 0 0 0 0 0 0 0 0 0 0 0 0 0 0 0 0 0 0 0  ...(375 more)...  0 0 0 0 0
[ 24] 6 13 -1 16 15 15 42 19 10 -26 24 31 -7 -3 -8 -18 -2 9 -17 1  ...(375 more)...  10 -10 10 8 9
[ 25] -13 2 12 19 26 10 7 13 17 22 23 22 15 14 25 -9 -4 14 -11 -11  ...(375 more)...  14 22 12 -9 -9
[ 26] -24 -3 24 4 13 -2 8 27 -2 25 18 14 14 -1 19 23 7 -3 5 -19  ...(375 more)...  5 -11 26 25 -2
[ 27] -2 -10 -11 -31 -16 23 2 -18 -20 1 4 2 4 0 -3 12 26 40 13 4  ...(375 more)...  22 24 15 -33 -26
[ 28] 1 4 11 0 6 -20 -3 -15 -11 -11 10 -6 -22 -31 -36 7 -5 -46 -20 -43  ...(375 more)...  -11 47 31 -5 -3
[ 29] 0 0 0 0 0 0 0 0 0 0 0 0 0 0 0 0 0 0 0 0  ...(375 more)...  0 0 0 0 0
[ 30] 5 4 13 -28 -39 8 5 17 12 -24 -2 9 15 7 -5 -13 -5 -26 -5 11  ...(375 more)...  -5 16 28 38 9
[ 31] 19 -3 6 4 -1 17 15 -3 0 20 14 26 11 1 -11 -38 -21 -35 -28 -19  ...(375 more)...  5 14 3 33 9
[ 32] 0 0 0 0 0 0 0 0 0 0 0 0 0 0 0 0 0 0 0 0  ...(375 more)...  0 0 0 0 0
[ 33] 28 21 0 -4 -11 36 9 -6 8 17 17 15 2 6 0 4 3 11 2 7  ...(375 more)...  10 20 33 36 6
[ 34] -1 14 10 -8 3 1 -15 1 -13 -17 10 -15 -25 -8 -31 -3 -38 -35 -7 -13  ...(375 more)...  -8 -8 43 52 26
[ 35] 5 -5 -30 -34 -28 6 13 -12 22 -10 8 -5 -7 10 17 14 5 18 14 12  ...(375 more)...  4 -4 2 -18 -4
[ 36] 4 6 18 37 23 -18 -11 7 15 -3 8 -9 -5 18 -7 20 12 -6 12 0  ...(375 more)...  -7 4 13 32 42
[ 37] 12 7 -2 -22 -8 -10 -1 -10 -9 2 -17 -17 9 10 24 12 -2 8 -1 20  ...(375 more)...  -5 17 13 -34 -31
[ 38] 0 0 0 0 0 0 0 0 0 0 0 0 0 0 0 0 0 0 0 0  ...(375 more)...  0 0 0 0 0
[ 39] 0 0 0 0 0 0 0 0 0 0 0 0 0 0 0 0 0 0 0 0  ...(375 more)...  0 0 0 0 0
[ 40] -16 -9 2 0 20 -7 14 8 -3 -1 1 1 -14 -9 4 5 21 -18 -26 -13  ...(375 more)...  16 -28 -11 7 -12
[ 41] -15 -1 15 15 7 -31 -28 18 12 -18 -38 -6 -6 15 -21 -36 -23 -2 13 -6  ...(375 more)...  -5 18 8 14 5
[ 42] 14 10 -6 7 -5 -7 -11 9 9 16 9 9 8 2 0 2 -9 -8 10 -19  ...(375 more)...  -1 14 14 20 24
[ 43] 0 0 0 0 0 0 0 0 0 0 0 0 0 0 0 0 0 0 0 0  ...(375 more)...  0 0 0 0 0
[ 44] 18 37 25 1 -6 -4 11 6 -3 -2 32 6 -22 -2 -10 18 6 -12 10 1  ...(375 more)...  0 -15 -3 8 26
[ 45] 8 10 16 11 3 12 16 6 17 -21 -9 2 -14 -14 -7 -26 -16 -14 1 -3  ...(375 more)...  15 -5 -10 -4 20
[ 46] 0 0 0 0 0 0 0 0 0 0 0 0 0 0 0 0 0 0 0 0  ...(375 more)...  0 0 0 0 0
[ 47] 28 21 38 16 -9 7 23 20 7 -4 -5 3 8 4 11 -6 -8 -19 -11 7  ...(375 more)...  2 -10 3 -17 33
[ 48] 0 0 0 0 0 0 0 0 0 0 0 0 0 0 0 0 0 0 0 0  ...(375 more)...  0 0 0 0 0
[ 49] 13 13 25 -3 -19 -7 4 24 1 -2 -7 6 14 -3 -13 7 15 -10 -7 -30  ...(375 more)...  -12 -7 -14 4 16
[ 50] 20 24 37 19 1 12 19 21 -15 -17 -42 -19 -47 -28 -22 -43 -12 -41 -33 -43  ...(375 more)...  5 16 35 2 17
[ 51] 1 25 13 10 -29 -8 -18 3 8 -11 3 7 -8 -4 -23 21 -10 -15 5 -18  ...(375 more)...  13 11 -8 33 54
[ 52] 2 -14 12 4 -9 -1 13 19 6 -3 14 1 17 14 17 40 29 10 4 22  ...(375 more)...  16 0 -16 -3 8
[ 53] 0 0 0 0 0 0 0 0 0 0 0 0 0 0 0 0 0 0 0 0  ...(375 more)...  0 0 0 0 0
[ 54] 8 6 12 12 22 0 16 14 13 -15 0 14 23 -6 -14 -5 -1 12 12 4  ...(375 more)...  4 -28 -24 -5 -10
[ 55] 21 15 -13 -1 -37 8 -7 -5 -1 6 6 -1 -13 1 -3 2 -7 -29 -25 0  ...(375 more)...  9 5 -5 -21 -8
[ 56] 13 12 -1 -4 3 -13 -9 -33 -9 -8 -8 -24 -22 -14 -14 6 -6 -2 -11 -37  ...(375 more)...  20 21 28 5 -14
[ 57] -6 -13 8 26 9 -20 -8 13 42 23 9 16 29 25 18 18 22 53 30 -7  ...(375 more)...  1 15 18 42 41
[ 58] 9 29 9 1 -10 10 8 -4 -11 -14 -4 16 3 -15 -9 15 7 -11 -3 29  ...(375 more)...  -6 -15 -16 -1 18
[ 59] -2 -7 -6 -4 27 6 26 21 18 10 -1 10 29 30 -14 6 10 36 43 11  ...(375 more)...  2 -32 2 34 18
[ 60] -9 -6 -3 -2 -10 11 29 7 17 3 5 40 33 11 9 -27 -10 12 7 14  ...(375 more)...  -8 -17 -14 8 18
[ 61] 0 17 7 9 16 2 10 10 -7 -13 25 16 20 6 32 7 12 25 32 29  ...(375 more)...  17 -1 -8 -24 -3
[ 62] -5 14 25 29 -3 -19 2 21 6 6 -24 -11 11 16 9 -33 -19 1 10 17  ...(375 more)...  -4 1 12 -11 4
[ 63] -20 -8 11 0 13 -10 3 23 21 24 17 19 3 11 -9 -22 0 0 -3 6  ...(375 more)...  13 25 17 29 24
[ 64] 0 0 0 0 0 0 0 0 0 0 0 0 0 0 0 0 0 0 0 0  ...(375 more)...  0 0 0 0 0
[ 65] 14 17 7 -7 -1 21 17 11 7 1 14 14 -4 12 4 -3 -12 19 -4 2  ...(375 more)...  16 9 1 -12 -20
[ 66] 3 -8 -10 1 8 35 26 -6 4 11 27 21 -5 27 19 35 22 8 4 20  ...(375 more)...  5 13 -12 3 14
[ 67] 6 -18 -17 -11 -19 4 -6 -10 -18 -19 -9 -17 -30 -27 -7 8 -4 2 6 0  ...(375 more)...  -18 -2 -11 -18 -7
[ 68] 0 -1 0 -1 0 0 0 0 0 0 0 0 -1 0 0 0 0 0 0 0  ...(375 more)...  -1 0 0 0 0
[ 69] 11 32 25 14 16 -5 21 17 8 0 -19 -22 5 3 -1 -32 -23 -15 15 14  ...(375 more)...  -8 -7 -3 -9 -8
[ 70] 6 1 14 20 -2 -7 0 -9 -11 -18 13 19 5 16 25 -3 14 22 15 16  ...(375 more)...  -1 -9 -29 -5 -3
[ 71] 11 13 -3 4 8 5 19 8 18 -1 -30 -4 -15 2 10 -42 -14 -11 -18 -3  ...(375 more)...  -29 -12 -5 -4 -29
[ 72] -19 3 12 6 3 5 -35 -2 17 -8 20 2 -8 11 13 26 26 38 35 1  ...(375 more)...  4 15 33 56 22
[ 73] 4 11 21 20 17 0 28 27 15 -34 -9 2 -16 -18 -25 -16 -35 -30 -41 -15  ...(375 more)...  -5 -2 1 34 19
[ 74] 0 0 -1 -2 0 0 0 0 -1 0 0 0 0 0 0 0 0 0 0 0  ...(375 more)...  -2 -1 0 0 0
[ 75] -22 -26 -31 5 10 -2 -8 5 3 18 -16 11 13 15 21 4 25 38 27 2  ...(375 more)...  3 5 -21 2 3
[ 76] 4 -2 13 -1 12 5 -10 1 14 24 -3 -15 -2 23 -4 -21 -1 15 -3 -25  ...(375 more)...  8 38 27 -9 -28
[ 77] 17 15 -13 15 -6 2 4 -3 -13 -22 8 11 -1 -7 -14 12 22 13 9 7  ...(375 more)...  10 7 -5 -6 21
[ 78] -4 21 7 18 -7 -5 10 6 15 26 2 4 23 8 -20 12 12 4 -5 -26  ...(375 more)...  -5 -1 14 -5 -2
[ 79] -20 13 13 11 -7 13 -2 22 4 4 -10 4 -4 19 -2 -34 -8 -11 -11 -14  ...(375 more)...  3 1 4 -3 21
[ 80] 8 2 4 -6 -8 -13 -5 -3 -15 -17 13 17 10 2 -6 -3 -11 30 25 20  ...(375 more)...  8 21 34 29 14
[ 81] 1 19 18 19 2 1 -8 3 11 20 -11 -34 0 -5 15 0 -1 -19 -10 -6  ...(375 more)...  -6 -4 2 -9 22
[ 82] 2 1 5 -9 -25 3 -13 6 -4 -25 -4 7 -10 2 -12 9 0 -12 -9 -10  ...(375 more)...  6 -7 -19 8 20
[ 83] 0 0 0 0 0 0 0 0 0 0 0 0 0 0 0 0 0 0 0 0  ...(375 more)...  0 0 0 0 0
[ 84] 6 8 13 22 5 9 -5 18 13 -11 7 -7 -16 0 7 -4 5 6 -15 -4  ...(375 more)...  -7 -1 2 26 11
[ 85] -11 9 8 -33 -36 -2 -21 -38 -24 -29 37 24 -25 -10 -27 45 22 9 13 37  ...(375 more)...  -4 -19 -26 -9 22
[ 86] -19 -17 -12 4 9 11 2 -4 13 7 6 48 9 9 31 41 38 39 33 51  ...(375 more)...  0 -3 9 11 -24
[ 87] 0 0 0 0 0 0 0 0 0 0 0 0 0 0 0 0 0 0 0 0  ...(375 more)...  0 0 0 0 0
[ 88] 10 -4 3 8 12 19 9 16 16 6 -28 -15 -5 -12 -6 12 9 -2 -23 -24  ...(375 more)...  -25 -16 3 3 3
[ 89] 7 -12 12 -11 -11 -24 15 -5 -5 8 7 2 -7 16 30 30 5 -7 -12 15  ...(375 more)...  7 -9 -8 -60 -50
[ 90] -2 -3 13 8 10 14 5 2 19 15 4 -6 11 19 -8 -24 13 6 7 3  ...(375 more)...  2 30 56 -7 -12
[ 91] -16 -15 15 14 15 -28 -9 -4 2 -18 9 5 3 7 -14 20 1 -12 -18 0  ...(375 more)...  3 -8 -20 6 13
[ 92] 0 0 0 0 0 0 0 0 0 0 0 0 0 0 0 0 0 0 0 0  ...(375 more)...  0 0 0 0 0
[ 93] -1 -2 -2 -2 0 -1 -2 -2 0 0 0 -1 -1 -1 0 0 0 0 0 0  ...(375 more)...  -3 -3 0 0 0
[ 94] 0 0 0 0 0 0 0 0 0 0 0 0 0 0 0 0 0 0 0 0  ...(375 more)...  0 0 0 0 0
[ 95] -1 -6 -5 -4 -3 -1 -3 -3 -3 -3 -2 -3 -3 -4 -2 -3 -4 -1 -1 0  ...(375 more)...  -8 -4 3 1 0
[ 96] -8 7 -4 11 -21 5 -7 17 13 -18 2 -1 11 14 1 -30 -28 -69 -3 14  ...(375 more)...  12 -7 -4 36 17
[ 97] 35 17 10 4 -10 4 -12 -5 9 5 -2 -15 -17 -5 -1 -6 -16 -5 -8 -13  ...(375 more)...  -9 3 -8 -9 -31
[ 98] -3 12 20 16 -2 0 21 17 19 -38 -2 6 14 7 -18 -14 -27 -14 27 3  ...(375 more)...  17 -11 -4 45 28
[ 99] 0 0 0 0 0 0 0 0 0 0 0 0 0 0 0 0 0 0 0 0  ...(375 more)...  0 0 0 0 0
[100] -35 -17 -19 12 4 11 6 -23 -28 -51 12 29 -9 11 -14 -3 2 24 23 23  ...(375 more)...  -10 -4 20 -2 8
[101] 32 16 5 -11 -19 31 10 -9 1 -15 1 -45 -44 -30 -19 -19 -61 -61 -60 -50  ...(375 more)...  -22 -7 -16 -32 -4
[102] -9 7 -6 -9 0 -3 12 2 21 -9 7 21 1 8 -10 9 23 -5 4 4  ...(375 more)...  25 25 28 21 14
[103] -21 -15 -11 9 7 -16 -7 11 15 2 3 20 28 15 20 31 44 31 23 27  ...(375 more)...  19 5 18 7 21
[104] 0 0 0 0 0 0 0 0 0 0 0 0 0 0 0 0 0 0 0 0  ...(375 more)...  0 0 0 0 0
[105] 1 -9 -23 -20 -1 5 6 -8 16 31 -7 -11 12 0 -5 -11 -6 28 -3 -10  ...(375 more)...  -1 11 8 4 -1
[106] 0 0 0 0 0 0 0 0 0 0 0 0 0 0 0 0 0 0 0 0  ...(375 more)...  0 0 0 0 0
[107] -28 -5 12 10 18 -8 3 15 28 9 -2 12 17 27 18 -23 19 45 32 12  ...(375 more)...  17 21 9 -5 -21
[108] 10 10 6 -6 2 13 2 -3 -4 4 30 15 -21 -15 -14 53 9 -3 14 6  ...(375 more)...  -9 -16 15 30 30
[109] -5 3 -4 1 6 -1 -11 -3 13 22 24 15 6 11 4 47 25 17 14 2  ...(375 more)...  -6 -3 -11 3 18
[110] 0 0 0 0 0 0 0 0 0 0 0 0 0 0 0 0 0 0 0 0  ...(375 more)...  0 0 0 0 0
[111] 5 3 -14 -11 0 19 16 18 -3 -3 -21 -12 2 -13 -2 -11 -8 -7 -9 -10  ...(375 more)...  -7 -11 6 34 22
[112] -1 -5 9 10 10 -11 1 -11 -18 -10 19 -1 1 5 2 9 2 -10 8 29  ...(375 more)...  3 -7 -40 -65 -22
[113] 2 -5 -15 1 11 3 3 -15 4 15 -15 -1 2 -1 0 2 4 57 26 20  ...(375 more)...  -1 -9 0 -6 -22
[114] 24 11 10 20 -9 10 11 23 19 -14 -35 -24 -9 -10 -8 -48 -58 -73 -63 -56  ...(375 more)...  -6 1 -15 -4 17
[115] -18 -3 -8 -4 13 -19 -18 5 24 31 -33 -21 -27 24 3 60 50 23 30 18  ...(375 more)...  -34 2 -25 4 17
[116] 1 16 12 2 -22 -3 4 15 -7 -25 29 -1 11 -2 -7 33 29 6 -3 15  ...(375 more)...  6 -20 -8 -32 0
[117] 18 6 -3 -3 -10 5 23 -11 -8 -9 9 14 -11 3 4 23 1 -6 -27 -2  ...(375 more)...  5 -12 18 -3 -18
[118] -34 -5 -13 20 28 -7 12 3 7 7 10 24 24 15 7 -6 21 33 11 -10  ...(375 more)...  4 -6 -2 -31 -16
[119] 0 0 0 0 0 0 0 0 0 0 0 0 0 0 0 0 0 0 0 0  ...(375 more)...  -2 0 0 0 0