# f6_bias
# 84 values | INT32 | scale=s_f6_acc=6.0251e-04
# shape=(84,)  min=-434  max=228  mean=43.9643
# One row per output filter/neuron, space-separated integers
#
[  0] 38
[  1] 35
[  2] 144
[  3] 169
[  4] -178
[  5] -256
[  6] 165
[  7] -434
[  8] 107
[  9] -345
[ 10] 9
[ 11] 121
[ 12] 53
[ 13] 82
[ 14] -148
[ 15] 92
[ 16] -4
[ 17] 106
[ 18] 102
[ 19] -49
[ 20] 137
[ 21] -260
[ 22] 137
[ 23] 35
[ 24] 136
[ 25] 148
[ 26] 0
[ 27] -313
[ 28] 110
[ 29] 95
[ 30] 0
[ 31] -30
[ 32] 60
[ 33] 108
[ 34] 30
[ 35] 97
[ 36] 134
[ 37] -291
[ 38] 60
[ 39] 17
[ 40] 175
[ 41] 208
[ 42] 177
[ 43] 0
[ 44] 85
[ 45] 78
[ 46] 161
[ 47] 44
[ 48] 187
[ 49] 95
[ 50] 152
[ 51] 64
[ 52] 0
[ 53] 132
[ 54] 103
[ 55] -216
[ 56] -99
[ 57] 104
[ 58] -178
[ 59] 48
[ 60] 153
[ 61] 179
[ 62] 162
[ 63] 153
[ 64] -14
[ 65] 183
[ 66] 67
[ 67] 151
[ 68] -24
[ 69] 216
[ 70] 153
[ 71] 175
[ 72] 127
[ 73] -341
[ 74] 104
[ 75] 228
[ 76] -350
[ 77] 151
[ 78] 105
[ 79] 132
[ 80] 91
[ 81] 136
[ 82] 0
[ 83] 217