# f6_weight
# Linear(120->84)  | INT8 +-127 | input after >>rs_c5=9
# shape=(84, 120)  min=-127  max=107  mean=-0.5397  sparsity=30.8%
# One row per output filter/neuron, space-separated integers
#
[  0] 37 7 0 20 2 0 -70 0 -2 13 -50 18 0 0 0 0 1 -11 -6 -54  ...(95 more)...  -91 -19 13 30 -2
[  1] 61 7 0 -13 0 0 46 0 -20 1 -30 8 0 0 0 0 17 38 23 28  ...(95 more)...  10 -53 -12 12 0
[  2] -66 27 0 47 0 0 -8 0 0 -3 35 23 0 0 0 0 -24 -22 -12 -13  ...(95 more)...  1 22 2 -13 1
[  3] 12 -29 0 -56 0 0 -29 0 53 -45 -41 9 0 0 0 0 -4 2 -21 10  ...(95 more)...  -10 -57 -3 5 1
[  4] 4 4 0 17 0 0 18 0 -47 -4 -27 8 0 0 0 0 34 1 28 59  ...(95 more)...  19 36 -2 -59 0
[  5] 12 -31 0 -23 0 0 4 0 23 -7 1 -19 0 0 0 0 31 15 -19 -16  ...(95 more)...  8 11 -20 -13 0
[  6] 41 55 0 -30 -1 0 28 0 -17 58 17 17 0 0 0 0 7 -17 -8 -7  ...(95 more)...  44 45 5 -41 1
[  7] -24 -53 0 22 0 0 -28 0 -64 -26 2 -27 0 0 0 0 -7 -7 -30 -40  ...(95 more)...  -6 14 -3 -21 0
[  8] 2 -1 0 -4 0 0 2 0 13 14 11 -9 0 0 0 0 10 12 -33 -34  ...(95 more)...  13 -14 15 -7 0
[  9] -25 5 0 -14 0 0 -21 0 -55 -6 -2 -11 0 0 0 0 -23 38 -4 -1  ...(95 more)...  -15 -5 5 -12 0
[ 10] 58 3 0 -18 0 0 -6 0 20 4 -27 20 0 0 0 0 16 -24 32 -18  ...(95 more)...  -26 -17 1 67 0
[ 11] -114 23 0 -6 -1 0 -43 0 102 -40 -19 23 0 0 0 0 -28 -7 -7 -91  ...(95 more)...  -15 4 -14 -3 0
[ 12] -12 -30 0 -13 0 0 19 0 12 3 16 -13 0 0 0 0 7 -5 -18 -35  ...(95 more)...  6 19 -14 -19 0
[ 13] -73 0 0 -25 0 0 -54 0 34 -8 25 -45 0 0 0 0 -1 -2 -73 -23  ...(95 more)...  11 -17 34 -55 0
[ 14] 0 -28 0 26 0 0 -2 0 4 3 -4 14 0 0 0 0 -7 -21 33 -5  ...(95 more)...  -11 -16 -3 -5 0
[ 15] -3 -2 0 18 0 0 12 0 53 -34 22 17 0 0 0 0 -2 37 24 -62  ...(95 more)...  -16 -29 -15 -62 0
[ 16] 0 0 0 0 0 0 0 0 0 0 0 0 0 0 0 0 0 0 0 0  ...(95 more)...  0 0 0 0 0
[ 17] 50 10 0 29 1 0 -24 0 31 -31 -1 63 0 0 0 0 -21 -20 -3 -27  ...(95 more)...  -78 49 18 -24 -3
[ 18] -18 -51 0 20 0 0 -25 0 -10 -16 -3 -37 0 0 0 0 -22 20 -20 -37  ...(95 more)...  -8 -10 32 52 0
[ 19] 4 -24 0 33 0 0 43 0 36 0 19 37 0 0 0 0 -25 -9 -2 33  ...(95 more)...  8 -21 -30 -12 0
[ 20] -43 9 0 7 -1 0 -41 0 53 21 5 12 0 0 0 0 11 -14 -61 73  ...(95 more)...  13 22 29 1 0
[ 21] 42 -31 0 39 0 0 17 0 -2 27 23 7 0 0 0 0 -4 -33 -7 -52  ...(95 more)...  -8 15 -6 8 -1
[ 22] -1 19 0 35 0 0 10 0 21 -7 -6 37 0 0 0 0 42 -1 -39 33  ...(95 more)...  -42 4 -13 3 -5
[ 23] 8 -4 0 -8 1 0 -46 0 -8 -20 0 -14 0 0 0 0 -38 13 21 -15  ...(95 more)...  -33 31 -28 42 -1
[ 24] -38 15 0 -41 0 0 -8 0 8 33 -38 20 0 0 0 0 5 23 29 24  ...(95 more)...  20 -17 -9 -34 0
[ 25] 55 53 0 -12 0 0 5 0 -14 -3 -21 -44 0 0 0 0 -104 -11 4 -46  ...(95 more)...  18 -1 -11 65 0
[ 26] 0 0 0 0 0 0 0 0 0 0 0 0 0 0 0 0 0 0 0 0  ...(95 more)...  0 0 0 0 0
[ 27] 63 -14 0 -2 0 0 64 0 -51 -42 -2 -20 0 0 0 0 12 2 39 10  ...(95 more)...  1 17 12 -31 -1
[ 28] 51 -31 0 100 1 0 -17 0 -21 -3 29 0 0 0 0 0 2 -76 9 -7  ...(95 more)...  4 -24 -27 21 -1
[ 29] -18 -8 0 22 -1 0 -46 0 4 -1 12 11 0 0 0 0 9 -3 4 -63  ...(95 more)...  60 57 40 53 2
[ 30] 0 0 0 0 0 0 0 0 0 0 0 0 0 0 0 0 0 0 0 0  ...(95 more)...  0 0 0 0 0
[ 31] -5 -2 0 8 1 0 44 0 52 -55 5 78 0 0 0 0 4 -11 33 -110  ...(95 more)...  4 48 -23 -11 2
[ 32] 1 -11 0 -33 -1 0 8 0 42 -12 24 -84 0 0 0 0 -35 -104 -24 -18  ...(95 more)...  47 -8 7 59 0
[ 33] -73 -2 0 -29 0 0 -2 0 20 8 24 16 0 0 0 0 -87 38 13 97  ...(95 more)...  15 37 27 53 1
[ 34] -26 22 0 8 0 0 11 0 -13 17 -1 7 0 0 0 0 -7 33 -10 7  ...(95 more)...  12 -35 -3 -13 0
[ 35] -87 24 0 -25 0 0 -7 0 13 6 -44 -31 0 0 0 0 -8 -49 6 -82  ...(95 more)...  0 -2 43 14 4
[ 36] 26 24 0 -31 0 0 -20 0 -3 29 -41 -8 0 0 0 0 3 28 38 49  ...(95 more)...  25 -9 -16 -39 -1
[ 37] -30 -23 0 -21 0 0 -28 0 -48 -8 -1 26 0 0 0 0 -21 35 -3 -1  ...(95 more)...  -9 -8 27 4 0
[ 38] -2 44 0 24 0 0 3 0 -22 15 -1 21 0 0 0 0 32 -3 18 -24  ...(95 more)...  27 0 -35 -35 0
[ 39] 32 12 0 -48 0 0 14 0 -5 -42 10 -53 0 0 0 0 44 4 8 22  ...(95 more)...  3 -39 14 -53 1
[ 40] -57 -3 0 16 0 0 16 0 9 -23 -12 32 0 0 0 0 -33 37 55 22  ...(95 more)...  22 -16 -24 -24 3
[ 41] 33 46 0 5 0 0 -27 0 19 18 -56 31 0 0 0 0 -36 -51 -45 3  ...(95 more)...  -38 28 -26 -10 -1
[ 42] -16 -40 0 -13 0 0 -20 0 36 41 4 21 0 0 0 0 8 19 28 30  ...(95 more)...  34 13 -18 -9 0
[ 43] 0 0 0 0 0 0 0 0 0 0 0 0 0 0 0 0 0 0 0 0  ...(95 more)...  0 0 0 0 0
[ 44] 23 -36 0 36 0 0 -83 0 38 -14 4 12 0 0 0 0 -10 19 -6 -17  ...(95 more)...  -68 -6 -15 35 -1
[ 45] 12 -7 0 -46 0 0 -19 0 22 -22 -10 20 0 0 0 0 51 7 -30 -14  ...(95 more)...  -36 12 34 71 -1
[ 46] 25 -12 0 -46 0 0 -1 0 41 -3 -16 -42 0 0 0 0 -76 18 6 -12  ...(95 more)...  15 20 30 -9 1
[ 47] 30 13 0 10 0 0 -24 0 -24 -59 -2 7 0 0 0 0 1 14 12 27  ...(95 more)...  60 26 8 -7 0
[ 48] 19 -8 0 26 0 0 -35 0 22 46 39 -55 0 0 0 0 -7 -6 25 8  ...(95 more)...  19 38 -16 8 -1
[ 49] 17 41 0 -49 0 0 2 0 16 -55 68 55 0 0 0 0 66 10 -23 -78  ...(95 more)...  2 -31 -21 -14 0
[ 50] 12 -41 0 9 0 0 -35 0 -25 -23 -45 65 0 0 0 0 -19 28 -6 -55  ...(95 more)...  -7 -72 29 51 0
[ 51] -19 14 0 -21 0 0 -5 0 16 -19 -31 -31 0 0 0 0 -11 22 -20 -60  ...(95 more)...  16 -23 32 48 0
[ 52] 0 0 0 0 0 0 0 0 0 0 0 0 0 0 0 0 0 0 0 0  ...(95 more)...  0 0 0 0 0
[ 53] -56 26 0 50 1 0 0 0 18 33 -14 -5 0 0 0 0 -21 -14 -13 -7  ...(95 more)...  -33 -54 32 18 -1
[ 54] 26 50 0 8 0 0 23 0 30 47 79 -11 0 0 0 0 -71 -34 49 -91  ...(95 more)...  20 66 36 58 4
[ 55] 66 -8 0 -5 0 0 34 0 -18 -11 -29 -7 0 0 0 0 -19 -17 33 -26  ...(95 more)...  -33 -25 -19 -56 1
[ 56] 26 -20 0 12 0 0 -17 0 32 -9 -12 29 0 0 0 0 3 -17 -6 57  ...(95 more)...  6 33 -9 -51 0
[ 57] -4 -5 0 -5 0 0 -14 0 11 25 -4 47 0 0 0 0 30 7 8 9  ...(95 more)...  -7 -48 -7 3 0
[ 58] -8 -32 0 9 0 0 -22 0 -35 -26 52 -27 0 0 0 0 0 -3 7 -2  ...(95 more)...  -17 22 8 -38 0
[ 59] -47 -15 0 -16 0 0 -15 0 -13 -45 -36 9 0 0 0 0 45 23 -17 -18  ...(95 more)...  37 22 19 10 1
[ 60] -56 -21 0 -35 0 0 25 0 22 32 -10 16 0 0 0 0 3 30 -36 53  ...(95 more)...  39 -24 -11 19 3
[ 61] -11 14 0 -54 0 0 88 0 26 -70 -44 17 0 0 0 0 39 -6 4 7  ...(95 more)...  1 -47 18 7 1
[ 62] -59 28 0 -38 -1 0 -17 0 34 -30 41 7 0 0 0 0 -7 -30 -52 -61  ...(95 more)...  -26 -8 46 5 0
[ 63] -15 32 0 9 0 0 17 0 18 20 -38 43 0 0 0 0 -34 2 8 -22  ...(95 more)...  -37 -22 -3 -8 -1
[ 64] -51 35 0 32 0 0 70 0 -1 11 -28 -121 0 0 0 0 -4 4 21 26  ...(95 more)...  69 -59 -20 -14 -1
[ 65] 100 9 0 -14 -2 0 22 0 0 -16 -38 0 0 0 0 0 -18 -69 -4 -32  ...(95 more)...  52 11 -29 27 2
[ 66] 6 19 0 -10 0 0 -16 0 -2 37 -11 28 0 0 0 0 -45 -23 22 -35  ...(95 more)...  24 -59 38 -5 4
[ 67] -41 -10 0 -25 -1 0 -47 0 19 -48 5 70 0 0 0 0 -13 17 24 -65  ...(95 more)...  -38 -30 -22 11 1
[ 68] -1 -6 0 8 0 0 -2 0 -5 5 -3 16 0 0 0 0 -3 -9 11 -1  ...(95 more)...  2 -4 1 2 0
[ 69] -95 -49 0 32 0 0 -32 0 9 0 1 32 0 0 0 0 -9 -32 -6 78  ...(95 more)...  40 10 39 2 4
[ 70] -15 14 0 -1 0 0 -6 0 25 -49 -2 -51 0 0 0 0 -72 42 -10 14  ...(95 more)...  16 -27 -25 23 0
[ 71] 38 65 0 -34 0 0 4 0 31 73 -36 71 0 0 0 0 -30 -37 55 -29  ...(95 more)...  -18 -35 9 30 -1
[ 72] 6 17 0 -43 0 0 -7 0 29 -40 -31 -15 0 0 0 0 61 0 -3 -53  ...(95 more)...  -9 -1 47 8 1
[ 73] 0 -4 0 10 0 0 11 0 -22 27 16 -17 0 0 0 0 -6 7 33 73  ...(95 more)...  46 -18 -13 -28 0
[ 74] 60 3 0 -21 0 0 2 0 -13 4 -78 34 0 0 0 0 0 -40 6 -6  ...(95 more)...  57 -9 -22 16 0
[ 75] -29 40 0 -22 0 0 -4 0 -7 20 23 2 0 0 0 0 24 14 22 7  ...(95 more)...  -47 45 -34 18 0
[ 76] 35 27 0 -23 0 0 61 0 -27 46 -5 -31 0 0 0 0 16 33 7 34  ...(95 more)...  67 -32 -7 -13 0
[ 77] 21 24 0 45 1 0 -37 0 7 38 -11 77 0 0 0 0 -17 -15 -32 -47  ...(95 more)...  -47 -25 13 26 -2
[ 78] -1 19 0 -58 0 0 38 0 -22 -11 -9 -25 0 0 0 0 -20 -1 16 6  ...(95 more)...  -6 -30 -21 24 0
[ 79] -23 33 0 -34 0 0 -25 0 -5 47 5 17 0 0 0 0 10 45 -20 4  ...(95 more)...  21 -55 23 6 1
[ 80] -55 24 0 88 0 0 12 0 22 4 -28 17 0 0 0 0 -25 -11 -4 -31  ...(95 more)...  45 41 -39 -37 0
[ 81] -47 19 0 22 0 0 -10 0 -57 -1 5 -8 0 0 0 0 0 2 10 -7  ...(95 more)...  -23 12 60 27 -1
[ 82] 0 0 0 0 0 0 0 0 0 0 0 0 0 0 0 0 0 0 0 0  ...(95 more)...  0 0 0 0 0
[ 83] -27 44 0 -36 1 0 -35 0 -12 -24 -36 47 0 0 0 0 -67 62 8 15  ...(95 more)...  -34 10 9 -6 1