# out_weight
# Linear(84->10)   | INT8 +-127 | input after >>rs_f6=7
# shape=(10, 84)  min=-115  max=126  mean=0.5107  sparsity=8.1%
# One row per output filter/neuron, space-separated integers
#
[  0] 22 -2 10 5 -56 23 -7 29 -27 7 18 -27 58 16 7 -35 0 20 43 31  ...(59 more)...  45 8 -40 0 46
[  1] -36 37 -25 122 -33 7 19 13 1 12 -9 25 0 12 11 -21 0 -42 10 17  ...(59 more)...  46 6 -1 0 -13
[  2] 41 -6 30 -6 9 -27 39 90 13 21 4 30 -17 -26 8 -1 0 4 -25 22  ...(59 more)...  -25 -1 -27 0 -57
[  3] 86 -47 44 -4 -27 -19 -12 -25 5 26 -74 77 22 43 11 -46 0 65 25 -4  ...(59 more)...  32 -10 -13 0 -59
[  4] 4 14 3 -16 -20 17 5 39 9 -62 8 -1 4 45 7 -27 0 25 -43 26  ...(59 more)...  60 -13 -1 0 42
[  5] -32 10 -42 11 2 -29 -28 -23 -39 6 8 -41 3 99 11 -66 0 44 35 -59  ...(59 more)...  -62 43 37 0 62
[  6] 12 6 -43 36 53 53 -1 -53 -25 20 22 52 -46 56 11 -26 0 21 87 -32  ...(59 more)...  58 -7 28 0 2
[  7] -71 19 -20 76 10 6 53 34 -52 -5 -10 14 7 -41 17 -56 0 32 -19 10  ...(59 more)...  -7 74 34 0 -11
[  8] -28 -54 -5 22 56 7 -42 9 -20 3 -54 92 -33 32 -3 -23 0 -89 -19 -7  ...(59 more)...  -10 -24 -6 0 6
[  9] 56 21 -43 13 -12 56 -51 -27 -6 15 -4 33 -5 -22 -58 18 0 98 20 5  ...(59 more)...  -82 -47 31 0 5