======================================================================
  LeNet-5 FPGA Weight Inspection (Bit-Shift Architecture)
======================================================================
  HW accuracy : 0.9948 (99.48%)
  Safety      : ALL OK

  Right-shifts: C1>>12  C3>>9  C5>>9  F6>>7
  All weights: INT8 +-127  |  All biases: INT32  (no c1 limit trick!)

-------------------------------------------------------
  c1_weight  [Conv(1->6,  5x5) | INT8 +-127 | 25 MACs]
  shape=(6, 1, 5, 5)  min=-127  max=110

  [  0] -17 49 17 45 -28 11 32 97 110 36 -7 -43 -3 34 38 -30 -109 -83 4 20 66 -15 -19 -26 27
  [  1] -15 6 59 -26 -27 -59 1 50 65 -11 -19 -26 26 43 29 -73 -15 10 42 -26 20 28 57 25 31
  [  2] 42 86 51 59 -8 79 81 72 3 -49 47 -17 9 -14 -20 -30 -63 -64 24 0 -69 -67 -46 -27 2
  [  3] 1 94 73 85 58 -54 -7 52 32 17 -127 -119 -102 -117 -74 1 -67 -75 -26 -18 49 21 37 16 30
  [  4] 72 14 37 31 2 42 -41 -24 -12 17 -39 -49 51 29 22 -39 19 -3 -10 30 -40 87 -3 -109 39
  [  5] 18 0 9 32 30 -2 18 52 12 71 10 11 51 56 94 1 21 42 33 46 15 -15 22 32 19

-------------------------------------------------------
  c3_weight  [Conv(6->16, 5x5) | INT8 +-127 | 150 MACs | input after >>rs_c1=12]
  shape=(16, 6, 5, 5)  min=-116  max=127

  [  0] 38 -16 -17 43 8 2 10 11 31 -4 9 42 51 22 80 -10 -37 26 24 21  ...  -21 7 11 -2 35
  [  1] -27 -16 10 6 24 17 73 60 29 12 -61 -62 49 -3 -9 59 33 0 -27 -13  ...  36 59 20 32 9
  [  2] -30 2 42 67 36 -26 -50 -13 13 37 2 -28 -24 -52 4 -43 -54 -71 -21 -10  ...  -3 29 32 38 -42
  [  3] -30 -29 -22 49 67 -43 3 12 -10 -21 -1 -43 -56 -75 -32 -48 -97 -101 29 27  ...  -8 16 -19 -7 -22
  [  4] -28 27 8 -17 -36 -14 2 18 -24 24 14 9 -18 -11 19 35 13 38 11 34  ...  37 -7 -13 -16 -45
  [  5] 17 30 34 -7 -55 19 -36 -10 -75 -72 -32 -40 -46 9 27 1 24 27 8 3  ...  7 -21 19 -3 35
  [  6] 25 25 8 30 7 47 24 6 -12 10 13 44 13 -17 -21 -42 25 49 -49 -22  ...  -29 12 3 16 0
  [  7] 40 25 -18 -34 -22 -13 -4 -37 -17 17 9 8 20 10 -25 -43 29 59 10 11  ...  -31 -14 -11 1 -18
  [  8] 47 34 15 -24 -33 79 -7 -56 -18 17 1 -23 26 -3 -10 79 -11 15 16 50  ...  -47 -17 -13 -31 -39
  [  9] -47 -23 6 12 -15 -36 -25 -16 25 2 -13 0 7 15 40 8 10 23 5 13  ...  3 -4 29 10 27
  [ 10] 12 -19 7 -42 -51 63 57 28 28 48 -9 39 53 26 -13 -35 -33 -45 -40 -70  ...  30 27 13 9 8
  [ 11] -71 -52 -19 3 20 -8 -8 27 35 4 45 16 1 41 48 -11 12 11 -14 7  ...  -27 -30 -4 -46 8
  [ 12] 37 -16 -17 -11 2 -21 -26 -17 -4 -9 -46 19 -44 -20 -40 -41 -14 -19 -15 -58  ...  46 -4 -52 -8 32
  [ 13] 23 -17 -43 -67 -68 23 -49 -100 -62 -55 -13 -64 -74 -51 17 -17 -27 -46 6 -7  ...  46 47 22 26 1
  [ 14] -26 27 11 -6 -12 12 -21 -50 -16 56 14 7 28 -35 -13 37 6 6 34 7  ...  0 16 -39 36 -29
  [ 15] -14 58 44 -41 -32 -15 -21 45 24 -33 -44 -55 28 58 50 -27 -80 -56 47 117  ...  40 43 25 -9 -19

-------------------------------------------------------
  c5_weight  [Conv(16->120,5x5)| INT8 +-127 | 400 MACs | input after >>rs_c3=9]
  shape=(120, 16, 5, 5)  min=-127  max=88

  [  0] 31 30 2 20 -16 20 9 21 3 7 -5 -33 -22 -29 -17 -25 -68 -85 -74 -61  ...  -33 -2 -9 -27 -10
  [  1] 11 30 21 8 -3 -10 7 13 18 -21 -12 5 13 -5 -15 -16 10 10 -6 -24  ...  0 2 -2 -6 -2
  [  2] 0 0 0 0 0 0 0 0 0 0 0 0 0 0 0 0 0 0 0 0  ...  0 0 0 0 0
  [  3] -3 15 14 0 1 1 -11 4 -7 7 8 -6 15 5 14 2 12 -11 16 12  ...  6 4 -8 -19 -10
  [  4] 0 0 0 0 0 0 0 0 0 0 0 0 0 0 0 0 0 0 0 0  ...  0 0 0 0 0
  [  5] 0 0 0 0 0 0 0 0 0 0 0 0 0 0 0 0 0 0 0 0  ...  0 0 0 0 0
  [  6] 1 -9 -11 -10 -20 -8 -24 -2 -10 14 16 -10 -22 -20 -16 23 -17 -34 -34 -43  ...  -5 8 -20 20 10
  [  7] 0 0 0 0 0 0 0 0 0 0 0 0 0 0 0 0 0 0 0 0  ...  0 0 0 0 0
  [  8] 6 15 42 11 8 -21 -6 -6 7 3 1 2 12 21 10 20 18 14 4 12  ...  7 -2 10 3 22
  [  9] 2 20 26 12 7 -10 -7 18 20 -1 -25 -16 6 -2 -4 -4 -6 10 19 2  ...  2 24 21 0 5
  [ 10] -7 3 9 -5 -28 7 -8 9 7 -12 -8 -6 3 9 5 8 11 18 5 33  ...  -1 -12 4 37 29
  [ 11] 13 30 28 30 -8 -2 1 3 -9 -6 -2 -16 2 -21 10 -7 -17 -22 1 -8  ...  6 0 -2 -7 27
  [ 12] 0 0 0 0 0 0 0 0 0 0 0 0 0 0 0 0 0 0 0 0  ...  0 0 0 0 0
  [ 13] 0 0 0 0 0 0 0 0 0 0 0 0 0 0 0 0 0 0 0 0  ...  0 0 0 0 0
  [ 14] 0 0 0 0 0 0 0 0 0 0 0 0 0 0 0 0 0 0 0 0  ...  0 0 0 0 0
  [ 15] 0 0 0 0 0 0 0 0 0 0 0 0 0 0 0 0 0 0 0 0  ...  0 0 0 0 0
  [ 16] 3 6 25 6 -29 2 -21 -20 -14 -32 12 1 -60 -29 -47 14 -27 -63 -14 -4  ...  -6 14 13 23 22
  [ 17] 2 0 17 20 4 3 23 14 27 -17 -17 4 8 -8 -24 -44 -41 -5 -17 -8  ...  -7 27 17 10 -4
  [ 18] -5 3 18 23 21 -4 -1 -8 39 19 13 8 4 -9 5 -10 -1 3 12 -25  ...  6 4 47 47 27
  [ 19] 12 26 20 26 18 4 -1 12 19 38 3 -16 -27 19 5 -13 -24 3 -4 -39  ...  -5 36 20 12 -7
  [ 20] 0 0 0 0 0 0 0 0 0 0 0 0 0 0 0 0 0 0 0 0  ...  0 0 0 0 0
  [ 21] 14 -8 6 12 13 5 24 -2 13 -15 -26 -10 -40 3 -9 -28 -4 16 -7 6  ...  -29 -12 -19 -25 -40
  [ 22] 19 30 -7 -22 -37 0 -2 -40 -43 -49 -2 -19 -18 -4 3 -4 8 -8 3 20  ...  15 -12 -51 -61 -29
  [ 23] 0 0 0 0 0 0 0 0 0 0 0 0 0 0 0 0 0 0 0 0  ...  0 0 0 0 0
  [ 24] 6 13 -1 16 15 15 42 19 10 -26 24 31 -7 -3 -8 -18 -2 9 -17 1  ...  10 -10 10 8 9
  [ 25] -13 2 12 19 26 10 7 13 17 22 23 22 15 14 25 -9 -4 14 -11 -11  ...  14 22 12 -9 -9
  [ 26] -24 -3 24 4 13 -2 8 27 -2 25 18 14 14 -1 19 23 7 -3 5 -19  ...  5 -11 26 25 -2
  [ 27] -2 -10 -11 -31 -16 23 2 -18 -20 1 4 2 4 0 -3 12 26 40 13 4  ...  22 24 15 -33 -26
  [ 28] 1 4 11 0 6 -20 -3 -15 -11 -11 10 -6 -22 -31 -36 7 -5 -46 -20 -43  ...  -11 47 31 -5 -3
  [ 29] 0 0 0 0 0 0 0 0 0 0 0 0 0 0 0 0 0 0 0 0  ...  0 0 0 0 0
  [ 30] 5 4 13 -28 -39 8 5 17 12 -24 -2 9 15 7 -5 -13 -5 -26 -5 11  ...  -5 16 28 38 9
  [ 31] 19 -3 6 4 -1 17 15 -3 0 20 14 26 11 1 -11 -38 -21 -35 -28 -19  ...  5 14 3 33 9
  [ 32] 0 0 0 0 0 0 0 0 0 0 0 0 0 0 0 0 0 0 0 0  ...  0 0 0 0 0
  [ 33] 28 21 0 -4 -11 36 9 -6 8 17 17 15 2 6 0 4 3 11 2 7  ...  10 20 33 36 6
  [ 34] -1 14 10 -8 3 1 -15 1 -13 -17 10 -15 -25 -8 -31 -3 -38 -35 -7 -13  ...  -8 -8 43 52 26
  [ 35] 5 -5 -30 -34 -28 6 13 -12 22 -10 8 -5 -7 10 17 14 5 18 14 12  ...  4 -4 2 -18 -4
  [ 36] 4 6 18 37 23 -18 -11 7 15 -3 8 -9 -5 18 -7 20 12 -6 12 0  ...  -7 4 13 32 42
  [ 37] 12 7 -2 -22 -8 -10 -1 -10 -9 2 -17 -17 9 10 24 12 -2 8 -1 20  ...  -5 17 13 -34 -31
  [ 38] 0 0 0 0 0 0 0 0 0 0 0 0 0 0 0 0 0 0 0 0  ...  0 0 0 0 0
  [ 39] 0 0 0 0 0 0 0 0 0 0 0 0 0 0 0 0 0 0 0 0  ...  0 0 0 0 0
  [ 40] -16 -9 2 0 20 -7 14 8 -3 -1 1 1 -14 -9 4 5 21 -18 -26 -13  ...  16 -28 -11 7 -12
  [ 41] -15 -1 15 15 7 -31 -28 18 12 -18 -38 -6 -6 15 -21 -36 -23 -2 13 -6  ...  -5 18 8 14 5
  [ 42] 14 10 -6 7 -5 -7 -11 9 9 16 9 9 8 2 0 2 -9 -8 10 -19  ...  -1 14 14 20 24
  [ 43] 0 0 0 0 0 0 0 0 0 0 0 0 0 0 0 0 0 0 0 0  ...  0 0 0 0 0
  [ 44] 18 37 25 1 -6 -4 11 6 -3 -2 32 6 -22 -2 -10 18 6 -12 10 1  ...  0 -15 -3 8 26
  [ 45] 8 10 16 11 3 12 16 6 17 -21 -9 2 -14 -14 -7 -26 -16 -14 1 -3  ...  15 -5 -10 -4 20
  [ 46] 0 0 0 0 0 0 0 0 0 0 0 0 0 0 0 0 0 0 0 0  ...  0 0 0 0 0
  [ 47] 28 21 38 16 -9 7 23 20 7 -4 -5 3 8 4 11 -6 -8 -19 -11 7  ...  2 -10 3 -17 33
  [ 48] 0 0 0 0 0 0 0 0 0 0 0 0 0 0 0 0 0 0 0 0  ...  0 0 0 0 0
  [ 49] 13 13 25 -3 -19 -7 4 24 1 -2 -7 6 14 -3 -13 7 15 -10 -7 -30  ...  -12 -7 -14 4 16
  [ 50] 20 24 37 19 1 12 19 21 -15 -17 -42 -19 -47 -28 -22 -43 -12 -41 -33 -43  ...  5 16 35 2 17
  [ 51] 1 25 13 10 -29 -8 -18 3 8 -11 3 7 -8 -4 -23 21 -10 -15 5 -18  ...  13 11 -8 33 54
  [ 52] 2 -14 12 4 -9 -1 13 19 6 -3 14 1 17 14 17 40 29 10 4 22  ...  16 0 -16 -3 8
  [ 53] 0 0 0 0 0 0 0 0 0 0 0 0 0 0 0 0 0 0 0 0  ...  0 0 0 0 0
  [ 54] 8 6 12 12 22 0 16 14 13 -15 0 14 23 -6 -14 -5 -1 12 12 4  ...  4 -28 -24 -5 -10
  [ 55] 21 15 -13 -1 -37 8 -7 -5 -1 6 6 -1 -13 1 -3 2 -7 -29 -25 0  ...  9 5 -5 -21 -8
  [ 56] 13 12 -1 -4 3 -13 -9 -33 -9 -8 -8 -24 -22 -14 -14 6 -6 -2 -11 -37  ...  20 21 28 5 -14
  [ 57] -6 -13 8 26 9 -20 -8 13 42 23 9 16 29 25 18 18 22 53 30 -7  ...  1 15 18 42 41
  [ 58] 9 29 9 1 -10 10 8 -4 -11 -14 -4 16 3 -15 -9 15 7 -11 -3 29  ...  -6 -15 -16 -1 18
  [ 59] -2 -7 -6 -4 27 6 26 21 18 10 -1 10 29 30 -14 6 10 36 43 11  ...  2 -32 2 34 18
  [ 60] -9 -6 -3 -2 -10 11 29 7 17 3 5 40 33 11 9 -27 -10 12 7 14  ...  -8 -17 -14 8 18
  [ 61] 0 17 7 9 16 2 10 10 -7 -13 25 16 20 6 32 7 12 25 32 29  ...  17 -1 -8 -24 -3
  [ 62] -5 14 25 29 -3 -19 2 21 6 6 -24 -11 11 16 9 -33 -19 1 10 17  ...  -4 1 12 -11 4
  [ 63] -20 -8 11 0 13 -10 3 23 21 24 17 19 3 11 -9 -22 0 0 -3 6  ...  13 25 17 29 24
  [ 64] 0 0 0 0 0 0 0 0 0 0 0 0 0 0 0 0 0 0 0 0  ...  0 0 0 0 0
  [ 65] 14 17 7 -7 -1 21 17 11 7 1 14 14 -4 12 4 -3 -12 19 -4 2  ...  16 9 1 -12 -20
  [ 66] 3 -8 -10 1 8 35 26 -6 4 11 27 21 -5 27 19 35 22 8 4 20  ...  5 13 -12 3 14
  [ 67] 6 -18 -17 -11 -19 4 -6 -10 -18 -19 -9 -17 -30 -27 -7 8 -4 2 6 0  ...  -18 -2 -11 -18 -7
  [ 68] 0 -1 0 -1 0 0 0 0 0 0 0 0 -1 0 0 0 0 0 0 0  ...  -1 0 0 0 0
  [ 69] 11 32 25 14 16 -5 21 17 8 0 -19 -22 5 3 -1 -32 -23 -15 15 14  ...  -8 -7 -3 -9 -8
  [ 70] 6 1 14 20 -2 -7 0 -9 -11 -18 13 19 5 16 25 -3 14 22 15 16  ...  -1 -9 -29 -5 -3
  [ 71] 11 13 -3 4 8 5 19 8 18 -1 -30 -4 -15 2 10 -42 -14 -11 -18 -3  ...  -29 -12 -5 -4 -29
  [ 72] -19 3 12 6 3 5 -35 -2 17 -8 20 2 -8 11 13 26 26 38 35 1  ...  4 15 33 56 22
  [ 73] 4 11 21 20 17 0 28 27 15 -34 -9 2 -16 -18 -25 -16 -35 -30 -41 -15  ...  -5 -2 1 34 19
  [ 74] 0 0 -1 -2 0 0 0 0 -1 0 0 0 0 0 0 0 0 0 0 0  ...  -2 -1 0 0 0
  [ 75] -22 -26 -31 5 10 -2 -8 5 3 18 -16 11 13 15 21 4 25 38 27 2  ...  3 5 -21 2 3
  [ 76] 4 -2 13 -1 12 5 -10 1 14 24 -3 -15 -2 23 -4 -21 -1 15 -3 -25  ...  8 38 27 -9 -28
  [ 77] 17 15 -13 15 -6 2 4 -3 -13 -22 8 11 -1 -7 -14 12 22 13 9 7  ...  10 7 -5 -6 21
  [ 78] -4 21 7 18 -7 -5 10 6 15 26 2 4 23 8 -20 12 12 4 -5 -26  ...  -5 -1 14 -5 -2
  [ 79] -20 13 13 11 -7 13 -2 22 4 4 -10 4 -4 19 -2 -34 -8 -11 -11 -14  ...  3 1 4 -3 21
  [ 80] 8 2 4 -6 -8 -13 -5 -3 -15 -17 13 17 10 2 -6 -3 -11 30 25 20  ...  8 21 34 29 14
  [ 81] 1 19 18 19 2 1 -8 3 11 20 -11 -34 0 -5 15 0 -1 -19 -10 -6  ...  -6 -4 2 -9 22
  [ 82] 2 1 5 -9 -25 3 -13 6 -4 -25 -4 7 -10 2 -12 9 0 -12 -9 -10  ...  6 -7 -19 8 20
  [ 83] 0 0 0 0 0 0 0 0 0 0 0 0 0 0 0 0 0 0 0 0  ...  0 0 0 0 0
  [ 84] 6 8 13 22 5 9 -5 18 13 -11 7 -7 -16 0 7 -4 5 6 -15 -4  ...  -7 -1 2 26 11
  [ 85] -11 9 8 -33 -36 -2 -21 -38 -24 -29 37 24 -25 -10 -27 45 22 9 13 37  ...  -4 -19 -26 -9 22
  [ 86] -19 -17 -12 4 9 11 2 -4 13 7 6 48 9 9 31 41 38 39 33 51  ...  0 -3 9 11 -24
  [ 87] 0 0 0 0 0 0 0 0 0 0 0 0 0 0 0 0 0 0 0 0  ...  0 0 0 0 0
  [ 88] 10 -4 3 8 12 19 9 16 16 6 -28 -15 -5 -12 -6 12 9 -2 -23 -24  ...  -25 -16 3 3 3
  [ 89] 7 -12 12 -11 -11 -24 15 -5 -5 8 7 2 -7 16 30 30 5 -7 -12 15  ...  7 -9 -8 -60 -50
  [ 90] -2 -3 13 8 10 14 5 2 19 15 4 -6 11 19 -8 -24 13 6 7 3  ...  2 30 56 -7 -12
  [ 91] -16 -15 15 14 15 -28 -9 -4 2 -18 9 5 3 7 -14 20 1 -12 -18 0  ...  3 -8 -20 6 13
  [ 92] 0 0 0 0 0 0 0 0 0 0 0 0 0 0 0 0 0 0 0 0  ...  0 0 0 0 0
  [ 93] -1 -2 -2 -2 0 -1 -2 -2 0 0 0 -1 -1 -1 0 0 0 0 0 0  ...  -3 -3 0 0 0
  [ 94] 0 0 0 0 0 0 0 0 0 0 0 0 0 0 0 0 0 0 0 0  ...  0 0 0 0 0
  [ 95] -1 -6 -5 -4 -3 -1 -3 -3 -3 -3 -2 -3 -3 -4 -2 -3 -4 -1 -1 0  ...  -8 -4 3 1 0
  [ 96] -8 7 -4 11 -21 5 -7 17 13 -18 2 -1 11 14 1 -30 -28 -69 -3 14  ...  12 -7 -4 36 17
  [ 97] 35 17 10 4 -10 4 -12 -5 9 5 -2 -15 -17 -5 -1 -6 -16 -5 -8 -13  ...  -9 3 -8 -9 -31
  [ 98] -3 12 20 16 -2 0 21 17 19 -38 -2 6 14 7 -18 -14 -27 -14 27 3  ...  17 -11 -4 45 28
  [ 99] 0 0 0 0 0 0 0 0 0 0 0 0 0 0 0 0 0 0 0 0  ...  0 0 0 0 0
  [100] -35 -17 -19 12 4 11 6 -23 -28 -51 12 29 -9 11 -14 -3 2 24 23 23  ...  -10 -4 20 -2 8
  [101] 32 16 5 -11 -19 31 10 -9 1 -15 1 -45 -44 -30 -19 -19 -61 -61 -60 -50  ...  -22 -7 -16 -32 -4
  [102] -9 7 -6 -9 0 -3 12 2 21 -9 7 21 1 8 -10 9 23 -5 4 4  ...  25 25 28 21 14
  [103] -21 -15 -11 9 7 -16 -7 11 15 2 3 20 28 15 20 31 44 31 23 27  ...  19 5 18 7 21
  [104] 0 0 0 0 0 0 0 0 0 0 0 0 0 0 0 0 0 0 0 0  ...  0 0 0 0 0
  [105] 1 -9 -23 -20 -1 5 6 -8 16 31 -7 -11 12 0 -5 -11 -6 28 -3 -10  ...  -1 11 8 4 -1
  [106] 0 0 0 0 0 0 0 0 0 0 0 0 0 0 0 0 0 0 0 0  ...  0 0 0 0 0
  [107] -28 -5 12 10 18 -8 3 15 28 9 -2 12 17 27 18 -23 19 45 32 12  ...  17 21 9 -5 -21
  [108] 10 10 6 -6 2 13 2 -3 -4 4 30 15 -21 -15 -14 53 9 -3 14 6  ...  -9 -16 15 30 30
  [109] -5 3 -4 1 6 -1 -11 -3 13 22 24 15 6 11 4 47 25 17 14 2  ...  -6 -3 -11 3 18
  [110] 0 0 0 0 0 0 0 0 0 0 0 0 0 0 0 0 0 0 0 0  ...  0 0 0 0 0
  [111] 5 3 -14 -11 0 19 16 18 -3 -3 -21 -12 2 -13 -2 -11 -8 -7 -9 -10  ...  -7 -11 6 34 22
  [112] -1 -5 9 10 10 -11 1 -11 -18 -10 19 -1 1 5 2 9 2 -10 8 29  ...  3 -7 -40 -65 -22
  [113] 2 -5 -15 1 11 3 3 -15 4 15 -15 -1 2 -1 0 2 4 57 26 20  ...  -1 -9 0 -6 -22
  [114] 24 11 10 20 -9 10 11 23 19 -14 -35 -24 -9 -10 -8 -48 -58 -73 -63 -56  ...  -6 1 -15 -4 17
  [115] -18 -3 -8 -4 13 -19 -18 5 24 31 -33 -21 -27 24 3 60 50 23 30 18  ...  -34 2 -25 4 17
  [116] 1 16 12 2 -22 -3 4 15 -7 -25 29 -1 11 -2 -7 33 29 6 -3 15  ...  6 -20 -8 -32 0
  [117] 18 6 -3 -3 -10 5 23 -11 -8 -9 9 14 -11 3 4 23 1 -6 -27 -2  ...  5 -12 18 -3 -18
  [118] -34 -5 -13 20 28 -7 12 3 7 7 10 24 24 15 7 -6 21 33 11 -10  ...  4 -6 -2 -31 -16
  [119] 0 0 0 0 0 0 0 0 0 0 0 0 0 0 0 0 0 0 0 0  ...  -2 0 0 0 0

-------------------------------------------------------
  f6_weight  [Linear(120->84)  | INT8 +-127 | input after >>rs_c5=9]
  shape=(84, 120)  min=-127  max=107

  [  0] 37 7 0 20 2 0 -70 0 -2 13 -50 18 0 0 0 0 1 -11 -6 -54  ...  -91 -19 13 30 -2
  [  1] 61 7 0 -13 0 0 46 0 -20 1 -30 8 0 0 0 0 17 38 23 28  ...  10 -53 -12 12 0
  [  2] -66 27 0 47 0 0 -8 0 0 -3 35 23 0 0 0 0 -24 -22 -12 -13  ...  1 22 2 -13 1
  [  3] 12 -29 0 -56 0 0 -29 0 53 -45 -41 9 0 0 0 0 -4 2 -21 10  ...  -10 -57 -3 5 1
  [  4] 4 4 0 17 0 0 18 0 -47 -4 -27 8 0 0 0 0 34 1 28 59  ...  19 36 -2 -59 0
  [  5] 12 -31 0 -23 0 0 4 0 23 -7 1 -19 0 0 0 0 31 15 -19 -16  ...  8 11 -20 -13 0
  [  6] 41 55 0 -30 -1 0 28 0 -17 58 17 17 0 0 0 0 7 -17 -8 -7  ...  44 45 5 -41 1
  [  7] -24 -53 0 22 0 0 -28 0 -64 -26 2 -27 0 0 0 0 -7 -7 -30 -40  ...  -6 14 -3 -21 0
  [  8] 2 -1 0 -4 0 0 2 0 13 14 11 -9 0 0 0 0 10 12 -33 -34  ...  13 -14 15 -7 0
  [  9] -25 5 0 -14 0 0 -21 0 -55 -6 -2 -11 0 0 0 0 -23 38 -4 -1  ...  -15 -5 5 -12 0
  [ 10] 58 3 0 -18 0 0 -6 0 20 4 -27 20 0 0 0 0 16 -24 32 -18  ...  -26 -17 1 67 0
  [ 11] -114 23 0 -6 -1 0 -43 0 102 -40 -19 23 0 0 0 0 -28 -7 -7 -91  ...  -15 4 -14 -3 0
  [ 12] -12 -30 0 -13 0 0 19 0 12 3 16 -13 0 0 0 0 7 -5 -18 -35  ...  6 19 -14 -19 0
  [ 13] -73 0 0 -25 0 0 -54 0 34 -8 25 -45 0 0 0 0 -1 -2 -73 -23  ...  11 -17 34 -55 0
  [ 14] 0 -28 0 26 0 0 -2 0 4 3 -4 14 0 0 0 0 -7 -21 33 -5  ...  -11 -16 -3 -5 0
  [ 15] -3 -2 0 18 0 0 12 0 53 -34 22 17 0 0 0 0 -2 37 24 -62  ...  -16 -29 -15 -62 0
  [ 16] 0 0 0 0 0 0 0 0 0 0 0 0 0 0 0 0 0 0 0 0  ...  0 0 0 0 0
  [ 17] 50 10 0 29 1 0 -24 0 31 -31 -1 63 0 0 0 0 -21 -20 -3 -27  ...  -78 49 18 -24 -3
  [ 18] -18 -51 0 20 0 0 -25 0 -10 -16 -3 -37 0 0 0 0 -22 20 -20 -37  ...  -8 -10 32 52 0
  [ 19] 4 -24 0 33 0 0 43 0 36 0 19 37 0 0 0 0 -25 -9 -2 33  ...  8 -21 -30 -12 0
  [ 20] -43 9 0 7 -1 0 -41 0 53 21 5 12 0 0 0 0 11 -14 -61 73  ...  13 22 29 1 0
  [ 21] 42 -31 0 39 0 0 17 0 -2 27 23 7 0 0 0 0 -4 -33 -7 -52  ...  -8 15 -6 8 -1
  [ 22] -1 19 0 35 0 0 10 0 21 -7 -6 37 0 0 0 0 42 -1 -39 33  ...  -42 4 -13 3 -5
  [ 23] 8 -4 0 -8 1 0 -46 0 -8 -20 0 -14 0 0 0 0 -38 13 21 -15  ...  -33 31 -28 42 -1
  [ 24] -38 15 0 -41 0 0 -8 0 8 33 -38 20 0 0 0 0 5 23 29 24  ...  20 -17 -9 -34 0
  [ 25] 55 53 0 -12 0 0 5 0 -14 -3 -21 -44 0 0 0 0 -104 -11 4 -46  ...  18 -1 -11 65 0
  [ 26] 0 0 0 0 0 0 0 0 0 0 0 0 0 0 0 0 0 0 0 0  ...  0 0 0 0 0
  [ 27] 63 -14 0 -2 0 0 64 0 -51 -42 -2 -20 0 0 0 0 12 2 39 10  ...  1 17 12 -31 -1
  [ 28] 51 -31 0 100 1 0 -17 0 -21 -3 29 0 0 0 0 0 2 -76 9 -7  ...  4 -24 -27 21 -1
  [ 29] -18 -8 0 22 -1 0 -46 0 4 -1 12 11 0 0 0 0 9 -3 4 -63  ...  60 57 40 53 2
  [ 30] 0 0 0 0 0 0 0 0 0 0 0 0 0 0 0 0 0 0 0 0  ...  0 0 0 0 0
  [ 31] -5 -2 0 8 1 0 44 0 52 -55 5 78 0 0 0 0 4 -11 33 -110  ...  4 48 -23 -11 2
  [ 32] 1 -11 0 -33 -1 0 8 0 42 -12 24 -84 0 0 0 0 -35 -104 -24 -18  ...  47 -8 7 59 0
  [ 33] -73 -2 0 -29 0 0 -2 0 20 8 24 16 0 0 0 0 -87 38 13 97  ...  15 37 27 53 1
  [ 34] -26 22 0 8 0 0 11 0 -13 17 -1 7 0 0 0 0 -7 33 -10 7  ...  12 -35 -3 -13 0
  [ 35] -87 24 0 -25 0 0 -7 0 13 6 -44 -31 0 0 0 0 -8 -49 6 -82  ...  0 -2 43 14 4
  [ 36] 26 24 0 -31 0 0 -20 0 -3 29 -41 -8 0 0 0 0 3 28 38 49  ...  25 -9 -16 -39 -1
  [ 37] -30 -23 0 -21 0 0 -28 0 -48 -8 -1 26 0 0 0 0 -21 35 -3 -1  ...  -9 -8 27 4 0
  [ 38] -2 44 0 24 0 0 3 0 -22 15 -1 21 0 0 0 0 32 -3 18 -24  ...  27 0 -35 -35 0
  [ 39] 32 12 0 -48 0 0 14 0 -5 -42 10 -53 0 0 0 0 44 4 8 22  ...  3 -39 14 -53 1
  [ 40] -57 -3 0 16 0 0 16 0 9 -23 -12 32 0 0 0 0 -33 37 55 22  ...  22 -16 -24 -24 3
  [ 41] 33 46 0 5 0 0 -27 0 19 18 -56 31 0 0 0 0 -36 -51 -45 3  ...  -38 28 -26 -10 -1
  [ 42] -16 -40 0 -13 0 0 -20 0 36 41 4 21 0 0 0 0 8 19 28 30  ...  34 13 -18 -9 0
  [ 43] 0 0 0 0 0 0 0 0 0 0 0 0 0 0 0 0 0 0 0 0  ...  0 0 0 0 0
  [ 44] 23 -36 0 36 0 0 -83 0 38 -14 4 12 0 0 0 0 -10 19 -6 -17  ...  -68 -6 -15 35 -1
  [ 45] 12 -7 0 -46 0 0 -19 0 22 -22 -10 20 0 0 0 0 51 7 -30 -14  ...  -36 12 34 71 -1
  [ 46] 25 -12 0 -46 0 0 -1 0 41 -3 -16 -42 0 0 0 0 -76 18 6 -12  ...  15 20 30 -9 1
  [ 47] 30 13 0 10 0 0 -24 0 -24 -59 -2 7 0 0 0 0 1 14 12 27  ...  60 26 8 -7 0
  [ 48] 19 -8 0 26 0 0 -35 0 22 46 39 -55 0 0 0 0 -7 -6 25 8  ...  19 38 -16 8 -1
  [ 49] 17 41 0 -49 0 0 2 0 16 -55 68 55 0 0 0 0 66 10 -23 -78  ...  2 -31 -21 -14 0
  [ 50] 12 -41 0 9 0 0 -35 0 -25 -23 -45 65 0 0 0 0 -19 28 -6 -55  ...  -7 -72 29 51 0
  [ 51] -19 14 0 -21 0 0 -5 0 16 -19 -31 -31 0 0 0 0 -11 22 -20 -60  ...  16 -23 32 48 0
  [ 52] 0 0 0 0 0 0 0 0 0 0 0 0 0 0 0 0 0 0 0 0  ...  0 0 0 0 0
  [ 53] -56 26 0 50 1 0 0 0 18 33 -14 -5 0 0 0 0 -21 -14 -13 -7  ...  -33 -54 32 18 -1
  [ 54] 26 50 0 8 0 0 23 0 30 47 79 -11 0 0 0 0 -71 -34 49 -91  ...  20 66 36 58 4
  [ 55] 66 -8 0 -5 0 0 34 0 -18 -11 -29 -7 0 0 0 0 -19 -17 33 -26  ...  -33 -25 -19 -56 1
  [ 56] 26 -20 0 12 0 0 -17 0 32 -9 -12 29 0 0 0 0 3 -17 -6 57  ...  6 33 -9 -51 0
  [ 57] -4 -5 0 -5 0 0 -14 0 11 25 -4 47 0 0 0 0 30 7 8 9  ...  -7 -48 -7 3 0
  [ 58] -8 -32 0 9 0 0 -22 0 -35 -26 52 -27 0 0 0 0 0 -3 7 -2  ...  -17 22 8 -38 0
  [ 59] -47 -15 0 -16 0 0 -15 0 -13 -45 -36 9 0 0 0 0 45 23 -17 -18  ...  37 22 19 10 1
  [ 60] -56 -21 0 -35 0 0 25 0 22 32 -10 16 0 0 0 0 3 30 -36 53  ...  39 -24 -11 19 3
  [ 61] -11 14 0 -54 0 0 88 0 26 -70 -44 17 0 0 0 0 39 -6 4 7  ...  1 -47 18 7 1
  [ 62] -59 28 0 -38 -1 0 -17 0 34 -30 41 7 0 0 0 0 -7 -30 -52 -61  ...  -26 -8 46 5 0
  [ 63] -15 32 0 9 0 0 17 0 18 20 -38 43 0 0 0 0 -34 2 8 -22  ...  -37 -22 -3 -8 -1
  [ 64] -51 35 0 32 0 0 70 0 -1 11 -28 -121 0 0 0 0 -4 4 21 26  ...  69 -59 -20 -14 -1
  [ 65] 100 9 0 -14 -2 0 22 0 0 -16 -38 0 0 0 0 0 -18 -69 -4 -32  ...  52 11 -29 27 2
  [ 66] 6 19 0 -10 0 0 -16 0 -2 37 -11 28 0 0 0 0 -45 -23 22 -35  ...  24 -59 38 -5 4
  [ 67] -41 -10 0 -25 -1 0 -47 0 19 -48 5 70 0 0 0 0 -13 17 24 -65  ...  -38 -30 -22 11 1
  [ 68] -1 -6 0 8 0 0 -2 0 -5 5 -3 16 0 0 0 0 -3 -9 11 -1  ...  2 -4 1 2 0
  [ 69] -95 -49 0 32 0 0 -32 0 9 0 1 32 0 0 0 0 -9 -32 -6 78  ...  40 10 39 2 4
  [ 70] -15 14 0 -1 0 0 -6 0 25 -49 -2 -51 0 0 0 0 -72 42 -10 14  ...  16 -27 -25 23 0
  [ 71] 38 65 0 -34 0 0 4 0 31 73 -36 71 0 0 0 0 -30 -37 55 -29  ...  -18 -35 9 30 -1
  [ 72] 6 17 0 -43 0 0 -7 0 29 -40 -31 -15 0 0 0 0 61 0 -3 -53  ...  -9 -1 47 8 1
  [ 73] 0 -4 0 10 0 0 11 0 -22 27 16 -17 0 0 0 0 -6 7 33 73  ...  46 -18 -13 -28 0
  [ 74] 60 3 0 -21 0 0 2 0 -13 4 -78 34 0 0 0 0 0 -40 6 -6  ...  57 -9 -22 16 0
  [ 75] -29 40 0 -22 0 0 -4 0 -7 20 23 2 0 0 0 0 24 14 22 7  ...  -47 45 -34 18 0
  [ 76] 35 27 0 -23 0 0 61 0 -27 46 -5 -31 0 0 0 0 16 33 7 34  ...  67 -32 -7 -13 0
  [ 77] 21 24 0 45 1 0 -37 0 7 38 -11 77 0 0 0 0 -17 -15 -32 -47  ...  -47 -25 13 26 -2
  [ 78] -1 19 0 -58 0 0 38 0 -22 -11 -9 -25 0 0 0 0 -20 -1 16 6  ...  -6 -30 -21 24 0
  [ 79] -23 33 0 -34 0 0 -25 0 -5 47 5 17 0 0 0 0 10 45 -20 4  ...  21 -55 23 6 1
  [ 80] -55 24 0 88 0 0 12 0 22 4 -28 17 0 0 0 0 -25 -11 -4 -31  ...  45 41 -39 -37 0
  [ 81] -47 19 0 22 0 0 -10 0 -57 -1 5 -8 0 0 0 0 0 2 10 -7  ...  -23 12 60 27 -1
  [ 82] 0 0 0 0 0 0 0 0 0 0 0 0 0 0 0 0 0 0 0 0  ...  0 0 0 0 0
  [ 83] -27 44 0 -36 1 0 -35 0 -12 -24 -36 47 0 0 0 0 -67 62 8 15  ...  -34 10 9 -6 1

-------------------------------------------------------
  out_weight  [Linear(84->10)   | INT8 +-127 | input after >>rs_f6=7]
  shape=(10, 84)  min=-115  max=126

  [  0] 22 -2 10 5 -56 23 -7 29 -27 7 18 -27 58 16 7 -35 0 20 43 31  ...  45 8 -40 0 46
  [  1] -36 37 -25 122 -33 7 19 13 1 12 -9 25 0 12 11 -21 0 -42 10 17  ...  46 6 -1 0 -13
  [  2] 41 -6 30 -6 9 -27 39 90 13 21 4 30 -17 -26 8 -1 0 4 -25 22  ...  -25 -1 -27 0 -57
  [  3] 86 -47 44 -4 -27 -19 -12 -25 5 26 -74 77 22 43 11 -46 0 65 25 -4  ...  32 -10 -13 0 -59
  [  4] 4 14 3 -16 -20 17 5 39 9 -62 8 -1 4 45 7 -27 0 25 -43 26  ...  60 -13 -1 0 42
  [  5] -32 10 -42 11 2 -29 -28 -23 -39 6 8 -41 3 99 11 -66 0 44 35 -59  ...  -62 43 37 0 62
  [  6] 12 6 -43 36 53 53 -1 -53 -25 20 22 52 -46 56 11 -26 0 21 87 -32  ...  58 -7 28 0 2
  [  7] -71 19 -20 76 10 6 53 34 -52 -5 -10 14 7 -41 17 -56 0 32 -19 10  ...  -7 74 34 0 -11
  [  8] -28 -54 -5 22 56 7 -42 9 -20 3 -54 92 -33 32 -3 -23 0 -89 -19 -7  ...  -10 -24 -6 0 6
  [  9] 56 21 -43 13 -12 56 -51 -27 -6 15 -4 33 -5 -22 -58 18 0 98 20 5  ...  -82 -47 31 0 5

-------------------------------------------------------
  c1_bias  [6 values  | INT32 | scale=s_c1_acc=1.4474e-05]
  shape=(6,)  min=-4633  max=4189

  [  0] -4633
  [  1] 174
  [  2] 468
  [  3] 4189
  [  4] -602
  [  5] -3726

-------------------------------------------------------
  c3_bias  [16 values | INT32 | scale=s_c3_acc=1.8243e-04]
  shape=(16,)  min=-772  max=689

  [  0] -295
  [  1] -384
  [  2] -130
  [  3] -150
  [  4] -756
  [  5] 689
  [  6] 74
  [  7] 671
  [  8] -112
  [  9] -575
  [ 10] -353
  [ 11] -772
  [ 12] 352
  [ 13] -216
  [ 14] 428
  [ 15] -82

-------------------------------------------------------
  c5_bias  [120 values| INT32 | scale=s_c5_acc=2.6970e-04]
  shape=(120,)  min=-311  max=840

  [  0] 219
  [  1] 433
  [  2] 0
  [  3] -28
  [  4] -6
  [  5] 0
  [  6] 17
  [  7] 0
  [  8] 633
  [  9] -43
  [ 10] -196
  [ 11] 332
  [ 12] -1
  [ 13] 0
  [ 14] -1
  [ 15] 0
  [ 16] 384
  [ 17] 231
  [ 18] 59
  [ 19] 204
  [ 20] -1
  [ 21] -23
  [ 22] -67
  [ 23] 0
  [ 24] 8
  [ 25] 27
  [ 26] -8
  [ 27] 21
  [ 28] 203
  [ 29] -7
  [ 30] -50
  [ 31] 170
  [ 32] -9
  [ 33] 840
  [ 34] 388
  [ 35] 170
  [ 36] 154
  [ 37] 116
  [ 38] -19
  [ 39] -17
  [ 40] 28
  [ 41] 428
  [ 42] 23
  [ 43] 0
  [ 44] 234
  [ 45] 378
  [ 46] 0
  [ 47] 209
  [ 48] 0
  [ 49] 396
  [ 50] 38
  [ 51] 119
  [ 52] -44
  [ 53] -14
  [ 54] 200
  [ 55] 209
  [ 56] 68
  [ 57] -74
  [ 58] 174
  [ 59] -311
  [ 60] 32
  [ 61] 551
  [ 62] 300
  [ 63] 607
  [ 64] 0
  [ 65] -39
  [ 66] -172
  [ 67] -23
  [ 68] -23
  [ 69] 298
  [ 70] 118
  [ 71] 174
  [ 72] -82
  [ 73] 200
  [ 74] -42
  [ 75] 226
  [ 76] 264
  [ 77] 84
  [ 78] 41
  [ 79] 316
  [ 80] 272
  [ 81] 29
  [ 82] 113
  [ 83] -3
  [ 84] 48
  [ 85] -285
  [ 86] -49
  [ 87] -15
  [ 88] 18
  [ 89] 49
  [ 90] 317
  [ 91] 152
  [ 92] -6
  [ 93] -59
  [ 94] 0
  [ 95] -83
  [ 96] -64
  [ 97] 304
  [ 98] 488
  [ 99] -9
  [100] 100
  [101] 254
  [102] -2
  [103] 144
  [104] 0
  [105] 124
  [106] 0
  [107] 262
  [108] -104
  [109] 185
  [110] -6
  [111] 150
  [112] 209
  [113] -98
  [114] 144
  [115] 132
  [116] -74
  [117] 114
  [118] 331
  [119] -45

-------------------------------------------------------
  f6_bias  [84 values | INT32 | scale=s_f6_acc=6.0251e-04]
  shape=(84,)  min=-434  max=228

  [  0] 38
  [  1] 35
  [  2] 144
  [  3] 169
  [  4] -178
  [  5] -256
  [  6] 165
  [  7] -434
  [  8] 107
  [  9] -345
  [ 10] 9
  [ 11] 121
  [ 12] 53
  [ 13] 82
  [ 14] -148
  [ 15] 92
  [ 16] -4
  [ 17] 106
  [ 18] 102
  [ 19] -49
  [ 20] 137
  [ 21] -260
  [ 22] 137
  [ 23] 35
  [ 24] 136
  [ 25] 148
  [ 26] 0
  [ 27] -313
  [ 28] 110
  [ 29] 95
  [ 30] 0
  [ 31] -30
  [ 32] 60
  [ 33] 108
  [ 34] 30
  [ 35] 97
  [ 36] 134
  [ 37] -291
  [ 38] 60
  [ 39] 17
  [ 40] 175
  [ 41] 208
  [ 42] 177
  [ 43] 0
  [ 44] 85
  [ 45] 78
  [ 46] 161
  [ 47] 44
  [ 48] 187
  [ 49] 95
  [ 50] 152
  [ 51] 64
  [ 52] 0
  [ 53] 132
  [ 54] 103
  [ 55] -216
  [ 56] -99
  [ 57] 104
  [ 58] -178
  [ 59] 48
  [ 60] 153
  [ 61] 179
  [ 62] 162
  [ 63] 153
  [ 64] -14
  [ 65] 183
  [ 66] 67
  [ 67] 151
  [ 68] -24
  [ 69] 216
  [ 70] 153
  [ 71] 175
  [ 72] 127
  [ 73] -341
  [ 74] 104
  [ 75] 228
  [ 76] -350
  [ 77] 151
  [ 78] 105
  [ 79] 132
  [ 80] 91
  [ 81] 136
  [ 82] 0
  [ 83] 217

-------------------------------------------------------
  out_bias  [10 values | INT32 | scale=s_out_acc=7.5416e-04]
  shape=(10,)  min=-87  max=60

  [  0] -65
  [  1] -1
  [  2] 33
  [  3] -14
  [  4] -3
  [  5] 15
  [  6] -87
  [  7] 0
  [  8] 60
  [  9] 41
