        0         0         0         0         0         0
        0         0         0         0         0         0
        0         0         0         0         0         0
        0         0         0         0         0         0
        0         0         0         0         0         0
        0         0         0         0         0         0
        0         0         0         0         0         0
        0         0         0         0         0         0
        0         0         0         0         0         0
        0         0         0         0         0         0
        0         0         0         0         0         0
        0         0         0         0         0         0
        0         0         0         0         0         0
        0         0         0         0         0         0
        0         0         0         0         0         0
        0         0         0         0         0         0
        0         0         0         0         0         0
        0         0         0         0         0         0
        0         0         0         0         0         0
        0         0         0         0         0         0
        0         0         0         0         0         0
        0         0         0         0         0         0
        0         0         0         0         0         0
        0         0         0         0         0         0
        0         0         0         0         0         0
        0         0         0         0         0         0
        0         0         0         0         0         0
        0         0         0         0         0         0
        0         0         0         0         0         0
        0         0         0         0         0         0
        0         0         0         0         0         0
        0         0         0         0         0         0
        0         0         0         0         0         0
        0         0         0         0         0         0
        0         0         0         0         0         0
        0         0         0         0         0         0
        0         0         0         0         0         0
        0         0         0         0         0         0
        0         0         0         0         0         0
        0         0         0         0         0         0
        0         0         0         0         0         0
        0         0         0         0         0         0
        0         0         0         0         0         0
        0         0         0         0         0         0
        0         0         0         0         0         0
        0         0         0         0         0         0
        0         0         0         0         0         0
        0         0         0         0         0         0
        0         0         0         0         0         0
        0         0         0         0         0         0
        0         0         0         0         0         0
        0         0         0         0         0         0
        0         0         0         0         0         0
        0         0         0         0         0         0
        0         0         0         0         0         0
        0         0         0         0         0         0
        0         0         0         0         0         0
        0         0         0         0         0         0
        0         0         0         0         0         0
        0         0         0         0         0         0
        0         0         0         0         0         0
        0         0         0         0         0         0
        0         0         0         0         0         0
        0         0         0         0         0         0
        0         0         0         0         0         0
        0         0         0         0         0         0
        0         0         0         0         0         0
        0         0         0         0         0         0
        0         0         0         0         0         0
        0         0         0         0         0         0
        0         0         0         0         0         0
        0         0         0         0         0         0
        0         0         0         0         0         0
        0         0         0         0         0         0
        0         0         0         0         0         0
        0         0         0         0         0         0
        0         0         0         0         0         0
        0         0         0         0         0         0
        0         0         0         0         0         0
        0         0         0         0         0         0
        0         0         0         0         0         0
        0         0         0         0         0         0
        0         0         0         0         0         0
        0         0         0         0         0         0
        0         0         0         0         0         0
        0         0         0         0         0         0
        0         0         0         0         0         0
        0         0         0         0         0         0
        0         0         0         0         0         0
        0         0         0         0         0         0
        0         0         0         0         0         0
        0         0         0         0         0         0
        0         0         0         0         0         0
        0         0         0         0         0         0
        0         0         0         0         0         0
        0         0         0         0         0         0
        0         0         0         0         0         0
        0         0         0         0         0         0
        0         0         0         0         0         0
        0         0         0         0         0         0
        0         0         0         0         0         0
        0         0         0         0         0         0
        0         0         0         0         0         0
        0         0         0         0         0         0
        0         0         0         0         0         0
        0         0         0         0         0         0
        0         0         0         0         0         0
        0         0         0         0         0         0
        0         0         0         0         0         0
        0         0         0         0         0         0
        0         0         0         0         0         0
        0         0         0         0         0         0
        0         0         0         0         0         0
        0         0         0         0         0         0
        0         0         0         0         0         0
        0         0         0         0         0         0
        0         0         0         0         0         0
        0         0         0         0         0         0
        0         0         0         0         0         0
        0         0         0         0         0         0
        0         0         0         0         0         0
        0         0         0         0         0         0
        0         0         0         0         0         0
        0         0         0         0         0         0
        0         0         0         0         0         0
        0         0         0         0         0         0
        0         0         0         0         0         0
        0         0         0         0         0         0
        0         0         0         0         0         0
        0         0         0         0         0         0
        0         0         0         0         0         0
        0         0         0         0         0         0
        0         0         0         0         0         0
        0         0         0         0         0         0
        0         0         0         0         0         0
        0         0         0         0         0         0
        0         0         0         0         0         0
        0         0         0         0         0         0
        0         0         0         0         0         0
        0         0         0         0         0         0
        0         0         0         0         0         0
        0         0         0         0         0         0
        0         0         0         0         0         0
        0         0         0         0         0         0
    -1344      -420      1260      -168       336      1260
    -2876     -1849      4455      -370      1748      2775
    -2359     -3922      7765      -822      2352      3393
    -3097     -4237      9649      -488       226      4401
    -2575     -2212      8966       121      -988      1699
    -1921      -791      7379     -1079     -1158       158
    -1315       668      4257      -289     -1088     -1180
     -449       616      2439     -1066      -150     -1289
     -300       528       756      -204      -144      -696
       36       144       324      -360       216      -396
        0         0         0         0         0         0
        0         0         0         0         0         0
        0         0         0         0         0         0
        0         0         0         0         0         0
        0         0         0         0         0         0
        0         0         0         0         0         0
        0         0         0         0         0         0
        0         0         0         0         0         0
        0         0         0         0         0         0
        0         0         0         0         0         0
        0         0         0         0         0         0
        0         0         0         0         0         0
        0         0         0         0         0         0
        0         0         0         0         0         0
        0         0         0         0         0         0
        0         0         0         0         0         0
        0         0         0         0         0         0
        0         0         0         0         0         0
    -3552       150      4674       732      1644      3918
    -4682      -685     12554      2670      6353      6617
    -6248     -4262     18834      2941      5627     10413
    -7655     -3655     21438      5992      -142      9277
    -5136     -3705     24970      1647     -1353      5808
    -3310     -3538     24677        87     -2085      3353
    -2138     -3625     22232     -1746     -2094      2638
    -3098     -2786     19118     -1801     -1474      2176
    -3986     -2606     16206     -1833      -374      2119
    -4349     -3014     14895     -1924       654      2425
    -4752     -3366     13860     -1386       396      2970
    -4752     -3366     13860     -1386       396      2970
    -4752     -3366     13860     -1386       396      2970
    -4752     -3366     13860     -1386       396      2970
    -4304     -3226     13440     -1330       284      2550
    -2444     -2328     11110     -1094      -524       780
    -1730      -406      7410      -822     -1980      -336
    -1502      1476      3842      -422     -1504     -1724
     -350      1096      1842     -1128       292     -1922
       52       208       468      -520       312      -572
        0         0         0         0         0         0
        0         0         0         0         0         0
        0         0         0         0         0         0
        0         0         0         0         0         0
        0         0         0         0         0         0
        0         0         0         0         0         0
        0         0         0         0         0         0
        0         0         0         0         0         0
     -484      3499      4557      4570      2686      3987
    -2262      5707     10750      9993      6799     10713
    -2254      5940     12929     15746      3889     10042
      964      4698     17042     17582     -3168      9582
     3566      3231     23124     15835     -4372      4063
     3881     -1496     26360     11009     -2018      2894
     1471     -4087     28070      8521     -2042      3435
      775     -4477     29427      5315     -1350      3780
    -2029     -2310     30501      4308     -1366      6062
    -3605     -1044     30403      3901       232      5995
    -4222     -1184     30278      3447       518      6809
    -4477     -1048     30131      4064       -78      7039
    -4116      -783     29997      3816       -36      6405
    -4537      -625     29872      3790      -164      6732
    -4472     -1079     29480      3480        66      6288
    -2162     -2872     25772      1519     -1668      3613
     1069     -1852     18633       310     -5704      -601
     1880      1552     12554     -1250     -5720     -2416
     1334      2830      6914     -1770     -1164     -3378
      660       820      2196     -1556       840     -1644
        0         0         0         0         0         0
        0         0         0         0         0         0
        0         0         0         0         0         0
        0         0         0         0         0         0
        0         0         0         0         0         0
        0         0         0         0         0         0
        0         0         0         0         0         0
        0         0         0         0         0         0
     2730      3009      1240      4736      2469      3991
     6236      9025      3656      9848      4381      6829
     9366      9933      2772     14150       950      9437
    12156      7588      3171     19972     -7074      6005
    15036      3522      7387     21300     -7358      1121
    12441      3484      9358     24432     -5254      -565
     9257      2694     12525     24281     -4260         9
     9787      1322     13909     23158     -3546     -1008
     9571      1838     16771     20859     -5077       773
     9667      3608     18944     19823     -3588      1700
     9230      3630     20213     18689     -3192      2957
     8921      3594     19763     19694     -4720      3328
     9904      3902     19632     18831     -4887      1898
     6664      3673     22001     18592     -4426      4848
     6312      1630     26107     18044     -1029      4778
     7574     -3885     26029     12834     -3646      2332
     7005     -5473     18605      9269    -11706     -2965
     7718     -2582     13844      2442    -10016     -9052
     6630      -422      9454     -2802     -2190     -7424
     2234       292      3474     -1740       792     -2382
        0         0         0         0         0         0
        0         0         0         0         0         0
        0         0         0         0         0         0
        0         0         0         0         0         0
        0         0         0         0         0         0
        0         0         0         0         0         0
        0         0         0         0         0         0
        0         0         0         0         0         0
     3577      3186       864       415      2837      1229
     8631      7215      1692      1920      4694      5296
    10960      8306     -1643      3837     -1517      6474
    11309      7912     -1884      6557     -7665      4147
    13545      6348     -2527     10160     -5403     -3334
    15930      6824     -1155     12271     -3670     -4222
    15257      7564       182     16437     -3470     -2125
    15498      5030      1450     18239     -4749     -2650
    16267      3348      1975     20545     -5513     -3171
    17909      2531      3817     20021     -4930     -2452
    17209      2739      3726     20227     -5027     -1644
    17282      2408      3404     20568     -6383     -1625
    16803      1006      4863     19035     -6491     -1779
    14632      2151     11888     21343     -3019      2032
    12993       603     19894     22434      1440      6706
     9940     -3624     16974     22726     -6275      2444
     8129     -5538     11887     17179    -17597     -6994
    10475     -4446     12343      7773    -11712    -14882
     8849     -4022      8461       396     -1018    -12017
     3090     -1794      2070      -522       996     -3658
        0         0         0         0         0         0
        0         0         0         0         0         0
        0         0         0         0         0         0
        0         0         0         0         0         0
        0         0         0         0         0         0
        0         0         0         0         0         0
        0         0         0         0         0         0
        0         0         0         0         0         0
      938      3200      1244       331      1935      1797
     3179      4894       966       146      2064      3058
     3944      6639     -1189       912     -3161      3144
     3171      8839     -4026       347     -4588      -118
     6897     10075     -2058        46     -1892     -5021
     9470     10768     -2503       287      -442     -5185
    11366     11037     -2683       868     -1545     -3377
    11522     10710     -2760      2047     -3115     -4097
    12133      9304     -2232      4007     -3376     -4054
    12841      8688     -1096      6075     -3204     -5335
    13355      8433     -1958      6086     -2798     -4767
    12471      8593     -1404      6839     -4404     -4024
     9220      7058      3471      6938     -2500     -2269
     9461      7872     12531     12925      3972      4285
    10844      9008     17121     17573      2916      6826
     9702      7604     10368     18711    -11313       426
    10836      3925      7617     14458    -20015    -12884
    13330     -2700      9495      5137     -9384    -19874
     8565     -4021      6277      2217       920    -14607
     2428     -1870       636      1080      1890     -4684
        0         0         0         0         0         0
        0         0         0         0         0         0
        0         0         0         0         0         0
        0         0         0         0         0         0
        0         0         0         0         0         0
        0         0         0         0         0         0
        0         0         0         0         0         0
        0         0         0         0         0         0
        0       804       335       201       402       603
      134      1569       369       409       416      1160
      295      1809      -384       464     -1230       541
       57      3280     -1134       307     -1455      -204
      762      4287      -925       -24       -30     -1038
     1830      5437      -184       285      -289      -826
     2352      7148     -1159       131      -848      -551
     3000      7802     -2298       -40     -2312     -1514
     3368      9077     -3103      -171     -2830     -3304
     4647      9437     -1886      -481     -1394     -4705
     5504      9443     -2549       230     -1467     -4961
     2682      9110      -396      -161     -2146     -2281
      897     10123      7776      5031      2631      1538
     2905     12272     17081     10302      8476      8753
     8528     13657     16039     14494      2214      6794
    12915     10769      8725     11821    -15897     -1968
    13465      4850      7855      6766    -21173    -13735
    11311     -1034      6642      2456     -6144    -21585
     6508     -2027      2582       942      3367    -14116
     2038      -186       840       868      1848     -3908
        0         0         0         0         0         0
        0         0         0         0         0         0
        0         0         0         0         0         0
        0         0         0         0         0         0
        0         0         0         0         0         0
        0         0         0         0         0         0
        0         0         0         0         0         0
        0         0         0         0         0         0
        0         0         0         0         0         0
        0         0         0         0         0         0
        0         0         0         0         0         0
        0         0         0         0         0         0
        0         0         0         0         0         0
        0       204        85        51       102       153
       34       843       279       215       328       628
      149       519      -230       142      -486       173
       43      1610      -307       262      -791        97
      154      1842      -640       -85       182      -380
        7      1651       845        16      -398       129
    -3603      2397      5951      1727      2140      4328
    -1414      3760     15410      7747      8595     10515
     4056     10330     20460     14348      8798     14090
     8449     11462     14826     14716     -4849     10546
    11797      6344      8204     12159    -21412     -3355
    12044      -459      5692      3578    -16929    -15891
     9210     -1094      4664      1222     -1373    -18267
     4487        -3      1188       968      3720     -9662
     1290       264       636       -84       798     -1842
        0         0         0         0         0         0
        0         0         0         0         0         0
        0         0         0         0         0         0
        0         0         0         0         0         0
        0         0         0         0         0         0
        0         0         0         0         0         0
        0         0         0         0         0         0
        0         0         0         0         0         0
        0         0         0         0         0         0
        0         0         0         0         0         0
        0         0         0         0         0         0
        0         0         0         0         0         0
        0         0         0         0         0         0
        0         0         0         0         0         0
        0         0         0         0         0         0
        0         0         0         0         0         0
        0         0         0         0         0         0
        0         0         0         0         0         0
    -2128       220      2939       560      1063      2408
    -3310      2129     11442      5732      6404      8742
      418      5587     19647     11285     11222     15022
     7390      9030     17450     15763      2979     15255
    11547      8487     10162     14670    -16579      5623
    12864      2872      7526      8496    -22403     -9216
     9789     -1385      4390      4019     -8315    -19136
     6742     -1999       727      1284      3038    -15330
     3153      -146      1038       142      2187     -5305
      216        54       108       -54       108      -270
        0         0         0         0         0         0
        0         0         0         0         0         0
        0         0         0         0         0         0
        0         0         0         0         0         0
        0         0         0         0         0         0
        0         0         0         0         0         0
        0         0         0         0         0         0
        0         0         0         0         0         0
        0         0         0         0         0         0
        0         0         0         0         0         0
        0         0         0         0         0         0
        0         0         0         0         0         0
        0         0         0         0         0         0
        0         0         0         0         0         0
        0         0         0         0         0         0
        0         0         0         0         0         0
        0         0         0         0         0         0
     -144       -45       135       -18        36       135
    -2858      1225      5383      2573      2420      5009
    -1249      4390     14619      9210      9582     12103
     5165      9019     19095     14403      9499     15817
     9684      9242     12379     14797     -7366     11080
    13142      4770      7121     11268    -22303     -3496
    12169      -811      4767      3500    -15400    -16009
     7885     -1496      3218      1478      -927    -17526
     3835      -306       976      1809      3491     -9455
     1040       117       498       323       894     -1861
        0         0         0         0         0         0
        0         0         0         0         0         0
        0         0         0         0         0         0
        0         0         0         0         0         0
        0         0         0         0         0         0
        0         0         0         0         0         0
        0         0         0         0         0         0
        0         0         0         0         0         0
        0         0         0         0         0         0
        0         0         0         0         0         0
        0         0         0         0         0         0
        0         0         0         0         0         0
        0         0         0         0         0         0
        0         0         0         0         0         0
        0         0         0         0         0         0
        0         0         0         0         0         0
        0         0         0         0         0         0
        0         0         0         0         0         0
    -2016      -495      2034      -126       585      1953
    -2271      1716      9872      4657      5677      7491
     2161      6527     18972     10181     11738     15069
     7334      9067     15859     14409      3048     15120
     9651      7694      8210     13918    -17691      5092
    11312      2321      6114      7669    -21398    -10476
     9481      -743      4425      2738     -6977    -19693
     5684      -276       -56       724      3350    -14237
     2856       888       900      -153      2133     -5056
      528       132       264      -132       264      -660
        0         0         0         0         0         0
        0         0         0         0         0         0
        0         0         0         0         0         0
        0         0         0         0         0         0
        0         0         0         0         0         0
        0         0         0         0         0         0
        0         0         0         0         0         0
        0         0         0         0         0         0
        0         0         0         0         0         0
        0         0         0         0         0         0
        0         0         0         0         0         0
        0         0         0         0         0         0
        0         0         0         0         0         0
        0         0         0         0         0         0
        0         0         0         0         0         0
        0         0         0         0         0         0
        0         0         0         0         0         0
    -1200      -375      1125      -150       300      1125
    -3878      -136      7281      1433      3083      4800
    -1507      2407     16770      7086      9860     12172
     3942      8273     20139     13149      8785     16257
     7707      9923     12428     13367     -7690     10568
    10629      5645      6473     10187    -22356     -3726
    10917        95      5205      3375    -14386    -16660
     7814     -1161      3304       994       949    -17566
     3846      -132       820      1094      3497     -8236
      749       171       372      -121       417     -1000
        0         0         0         0         0         0
        0         0         0         0         0         0
        0         0         0         0         0         0
        0         0         0         0         0         0
        0         0         0         0         0         0
        0         0         0         0         0         0
        0         0         0         0         0         0
        0         0         0         0         0         0
        0         0         0         0         0         0
        0         0         0         0         0         0
        0         0         0         0         0         0
        0         0         0         0         0         0
        0         0         0         0         0         0
        0         0         0         0         0         0
        0         0         0         0         0         0
        0         0         0         0         0         0
        0         0         0         0         0         0
     -304       -95       285       -38        76       285
    -3517      -189      4895       608      1787      3840
    -3585       870     13844      5766      7424      9260
     -196      4721     21179     11351     10080     15987
     6006      9577     17505     15378       651     13337
    10866      8186     10341     11673    -16599      2983
    11522      2243      6350      6189    -20795    -10137
     9157     -1219      4571      2006     -6093    -18724
     5684      -984       740       746      3961    -13173
     2287       437      1062       168      1659     -3677
       60        15        30       -15        30       -75
        0         0         0         0         0         0
        0         0         0         0         0         0
        0         0         0         0         0         0
        0         0         0         0         0         0
        0         0         0         0         0         0
        0         0         0         0         0         0
        0         0         0         0         0         0
        0         0         0         0         0         0
        0         0         0         0         0         0
        0         0         0         0         0         0
        0         0         0         0         0         0
        0         0         0         0         0         0
        0         0         0         0         0         0
        0         0         0         0         0         0
        0         0         0         0         0         0
        0         0         0         0         0         0
      -48       -15        45        -6        12        45
    -3245      -763      3409      -140      1019      3178
    -3526       280     11770      4126      6026      7010
    -1727      1809     20415      9356      9574     15405
     3231      9387     20150     17085      4464     14624
    10263      9623     14569     12986     -8901      7711
    13071      3830      8437     10016    -21519     -5142
    10852     -1434      4982      3307    -14039    -15794
     6993     -1381      2665      1394       743    -16403
     3782      -134       792      1047      3471     -7990
      696       174       348      -174       348      -870
        0         0         0         0         0         0
        0         0         0         0         0         0
        0         0         0         0         0         0
        0         0         0         0         0         0
        0         0         0         0         0         0
        0         0         0         0         0         0
        0         0         0         0         0         0
        0         0         0         0         0         0
        0         0         0         0         0         0
        0         0         0         0         0         0
        0         0         0         0         0         0
        0         0         0         0         0         0
        0         0         0         0         0         0
        0         0         0         0         0         0
        0         0         0         0         0         0
        0         0         0         0         0         0
        0         0         0         0         0         0
     -608      -145       618       -34       179       591
    -3923      1480      7866      2716      3430      5608
    -3169      2101     17131      8471     10235     13231
     2588      6448     20637     14709      8130     14773
     9655     10253     16528     15859     -5012     13047
    13366      8136     10857     12747    -18863      -556
    13341      -478      6120      5368    -18595    -12791
     8367     -1662      3034      3357     -5470    -17951
     5245      -904       426       798      3930    -12640
     2241       375      1092       195      1605     -3528
        0         0         0         0         0         0
        0         0         0         0         0         0
        0         0         0         0         0         0
        0         0         0         0         0         0
        0         0         0         0         0         0
        0         0         0         0         0         0
        0         0         0         0         0         0
        0         0         0         0         0         0
        0         0         0         0         0         0
        0         0         0         0         0         0
        0         0         0         0         0         0
        0         0         0         0         0         0
        0         0         0         0         0         0
        0         0         0         0         0         0
        0         0         0         0         0         0
        0         0         0         0         0         0
        0         0         0         0         0         0
     -496      -155       465       -62       124       465
    -3532      -873      4588       141      1625      3677
    -2518      1208     13623      6947      7434     10041
     1538      6159     20654     12437      9706     15236
     6538     11104     16668     17531       573     14565
    12919      9744      9855     14647    -15308      2844
    15854      1763      7405      6899    -20301     -9259
    10082     -1499      2689      4486    -10642    -17247
     6222     -1321      1007      1552      1300    -15712
     3365       232       756       978      3210     -7238
      684       171       342      -171       342      -855
        0         0         0         0         0         0
        0         0         0         0         0         0
        0         0         0         0         0         0
        0         0         0         0         0         0
        0         0         0         0         0         0
        0         0         0         0         0         0
        0         0         0         0         0         0
        0         0         0         0         0         0
        0         0         0         0         0         0
        0         0         0         0         0         0
        0         0         0         0         0         0
        0         0         0         0         0         0
        0         0         0         0         0         0
        0         0         0         0         0         0
        0         0         0         0         0         0
        0         0         0         0         0         0
        0         0         0         0         0         0
    -2128      -200      2491       168       811      2212
    -3933       972     10556      3552      5217      6573
    -1406      2630     19743      8861     11038     14978
     4934      8006     20221     15186      6124     15671
    11688      9543     13621     13330    -10472      9333
    13733      6630     10129     10743    -22150     -3267
    11413      -702      3836      4916    -13827    -16864
     7182     -1165      1201      2105     -2300    -17722
     3752       363      -170      1042      3734    -10396
     2027       393       996       -43      1311     -2980
        0         0         0         0         0         0
        0         0         0         0         0         0
        0         0         0         0         0         0
        0         0         0         0         0         0
        0         0         0         0         0         0
        0         0         0         0         0         0
        0         0         0         0         0         0
        0         0         0         0         0         0
        0         0         0         0         0         0
        0         0         0         0         0         0
        0         0         0         0         0         0
        0         0         0         0         0         0
        0         0         0         0         0         0
        0         0         0         0         0         0
        0         0         0         0         0         0
        0         0         0         0         0         0
        0         0         0         0         0         0
     -976      -305       915      -122       244       915
    -3594       300      6978      1967      3052      5088
    -2897      1695     16184      8277      8792     12466
     -475      7567     24007     14715      9710     18291
     7738      8703     20970     15362      -946     13298
    12944      5293     13716     11621    -19702      1811
    11743      1264      7832      5682    -21718    -12484
     9303       529      5833      1182     -5431    -20596
     4639       740       706       666      3401    -13236
     2614       760       894       164      2115     -4801
      420       105       210      -105       210      -525
        0         0         0         0         0         0
        0         0         0         0         0         0
        0         0         0         0         0         0
        0         0         0         0         0         0
        0         0         0         0         0         0
        0         0         0         0         0         0
        0         0         0         0         0         0
        0         0         0         0         0         0
        0         0         0         0         0         0
        0         0         0         0         0         0
        0         0         0         0         0         0
        0         0         0         0         0         0
        0         0         0         0         0         0
        0         0         0         0         0         0
        0         0         0         0         0         0
        0         0         0         0         0         0
        0         0         0         0         0         0
    -1936       310      2791       612      1033      2242
    -3188      2258     11140      5679      6322      8770
     -551      4873     20079     11154     11147     15461
     4163      9944     25045     18167      6602     20047
     9597      7061     20857     16832    -10172     11507
    11372       442     14405     11938    -24969     -5558
    10199      -348      8670      5940    -16471    -19535
     9387       485      6434     -1155      1569    -19560
     4217       770      1904      -463      3172     -7828
      925       228       462      -218       471     -1169
        0         0         0         0         0         0
        0         0         0         0         0         0
        0         0         0         0         0         0
        0         0         0         0         0         0
        0         0         0         0         0         0
        0         0         0         0         0         0
        0         0         0         0         0         0
        0         0         0         0         0         0
        0         0         0         0         0         0
        0         0         0         0         0         0
        0         0         0         0         0         0
        0         0         0         0         0         0
        0         0         0         0         0         0
        0         0         0         0         0         0
        0         0         0         0         0         0
        0         0         0         0         0         0
        0         0         0         0         0         0
        0         0         0         0         0         0
    -1509      1576      3751      2611      1878      3699
    -1292      5497     12712      9080      8555     11821
     3032     10095     20715     15127     11452     17570
    11047     11433     19455     20949      -577     17462
    11917      7426     13970     18834    -21144      4438
    12276      1412      7430     11780    -22132    -15749
    13423     -2309      8620      3664     -7970    -22336
     9582     -2534      5218       804      2939    -14923
     2557      -433      1398       -54      1317     -3481
       12         3         6        -3         6       -15
        0         0         0         0         0         0
        0         0         0         0         0         0
        0         0         0         0         0         0
        0         0         0         0         0         0
        0         0         0         0         0         0
        0         0         0         0         0         0
        0         0         0         0         0         0
        0         0         0         0         0         0
        0         0         0         0         0         0
        0         0         0         0         0         0
        0         0         0         0         0         0
        0         0         0         0         0         0
        0         0         0         0         0         0
        0         0         0         0         0         0
        0         0         0         0         0         0
        0         0         0         0         0         0
        0         0         0         0         0         0
        0         0         0         0         0         0
     1701      3029      2058      3688      2243      2721
     5598     11530      7392     10473      7866      9476
     9051     16215      8701     16617      6802     14928
    13578     12724      3846     19521     -7916     10851
    16792      4820      2119     15530    -21146     -4783
    16069      -895      2703      9243    -16335    -16268
    10086     -3053      3562      5114     -3835    -19023
     6556     -3474      1640      2071      3295    -12696
     1236      -640       312       320       900     -2228
        0         0         0         0         0         0
        0         0         0         0         0         0
        0         0         0         0         0         0
        0         0         0         0         0         0
        0         0         0         0         0         0
        0         0         0         0         0         0
        0         0         0         0         0         0
        0         0         0         0         0         0
        0         0         0         0         0         0
        0         0         0         0         0         0
        0         0         0         0         0         0
        0         0         0         0         0         0
        0         0         0         0         0         0
        0         0         0         0         0         0
        0         0         0         0         0         0
        0         0         0         0         0         0
        0         0         0         0         0         0
        0         0         0         0         0         0
        0         0         0         0         0         0
     2541      2426       547      1877      2060      2243
     8118      9184      1898      6158      5006      7187
    12832     13173        -4      9656       383      9347
    13273     11928     -2603     10339    -10513      3985
    11312      2449     -4997      9054    -14169     -7562
     8940     -2451     -3591      6335     -9386    -17473
     5137     -1663      -524      1900       321    -15190
     3243       137      1220      1935      3145     -7984
      664        36       312       364       672     -1340
        0         0         0         0         0         0
        0         0         0         0         0         0
        0         0         0         0         0         0
        0         0         0         0         0         0
        0         0         0         0         0         0
        0         0         0         0         0         0
        0         0         0         0         0         0
        0         0         0         0         0         0
        0         0         0         0         0         0
        0         0         0         0         0         0
        0         0         0         0         0         0
        0         0         0         0         0         0
        0         0         0         0         0         0
        0         0         0         0         0         0
        0         0         0         0         0         0
        0         0         0         0         0         0
        0         0         0         0         0         0
        0         0         0         0         0         0
        0         0         0         0         0         0
     1694      2420       847      -242      1815       726
     5855      5927      1657      -871      4052      2976
     8329      7208      -627      -309       -98      5076
     4823      6491     -4019      1517     -8011      3321
     1875      4144     -4512      2813     -9184     -6209
     2290      3542     -1500      2855     -2698    -12113
     2584      2601     -1200      1004      3072     -9608
     2526      1003       834      -623      1596     -4017
      480       120       240      -120       240      -600
        0         0         0         0         0         0
        0         0         0         0         0         0
        0         0         0         0         0         0
        0         0         0         0         0         0
        0         0         0         0         0         0
        0         0         0         0         0         0
        0         0         0         0         0         0
        0         0         0         0         0         0
        0         0         0         0         0         0
        0         0         0         0         0         0
        0         0         0         0         0         0
